Measure:volume	Lateral-nucleus	Basal-nucleus	Accessory-Basal-nucleus	Anterior-amygdaloid-area-AAA	Central-nucleus	Medial-nucleus	Cortical-nucleus	Corticoamygdaloid-transitio	Paralaminar-nucleus	Whole_amygdala
T1_0005	668.583078	470.682493	311.755144	54.321032	63.636413	34.572264	33.228598	200.104602	51.805511	1888.689135
T1_0034	691.757947	459.953819	266.820041	53.346628	46.931844	20.943872	26.478942	178.05937	51.710696	1796.003159
T1_0081	551.263023	397.113313	263.196772	52.49948	39.421241	18.444227	27.261714	172.364834	42.256512	1563.821115
T1_0193	602.098564	435.409622	290.052748	58.797536	54.783247	35.816211	40.26641	181.662154	44.490922	1743.377412
T1_0216	627.371219	434.402417	277.73069	62.84773	54.275979	36.062123	35.420565	187.486315	48.342723	1763.939761
T1_0365	561.095344	379.254405	227.674888	49.39721	35.871325	19.520556	25.41503	151.431812	41.9769	1491.63747
T1_0366	738.224702	493.142071	313.597283	58.973752	53.161372	30.500417	34.131093	200.451636	53.708641	1975.890968
T1_0435	602.418923	415.66889	253.169968	45.872912	68.025631	36.723235	29.971818	162.141181	47.807632	1661.80019
T1_0454	769.404698	504.496409	297.341249	66.310647	56.938994	34.731774	35.294253	205.345578	63.426587	2033.290189
T1_0497	646.491671	427.994812	270.654957	52.724007	41.62564	27.266514	26.357037	187.185354	45.473641	1725.773632
T1_0643	617.840405	442.226595	278.744176	58.667765	58.246052	29.782888	31.827624	179.786448	50.972314	1748.094269
T1_0678	762.505438	522.923326	346.922203	59.33822	63.106676	32.223965	35.785313	237.13606	58.600213	2118.541414
T1_0682	582.577071	423.856725	267.190036	46.952515	59.673501	33.388522	32.360084	177.664656	45.236259	1668.899368
T1_0687	772.305283	539.6862	334.370727	76.705787	62.719871	27.441521	33.191161	218.394923	60.074168	2124.889642
T1_0695	687.354425	454.195542	287.71218	59.165508	58.789162	34.605288	33.950346	189.691731	49.774181	1855.238363
T1_0708	557.203346	433.224157	261.701399	60.383876	45.084768	23.01205	29.010016	190.380809	49.232402	1649.232822
T1_0727	489.455059	367.384115	245.387414	46.065448	45.57058	26.715235	28.635079	166.495225	39.926523	1455.634678
T1_0758	671.281541	431.717561	258.526052	48.350088	54.188037	29.740137	27.940399	170.264507	47.082794	1739.091115
T1_0789	710.188336	485.450239	307.144036	58.155181	55.737552	33.94378	36.515146	211.138524	57.073834	1955.346628
T1_0790	537.187204	384.719817	230.477612	50.475931	45.469383	23.732092	22.826522	159.281316	41.897402	1496.06728
T1_0839	607.101992	432.493652	289.22383	53.40612	65.038223	35.600306	30.347017	193.80477	47.383953	1754.399862
T1_0862	600.601372	418.626663	249.549257	58.440036	49.216046	30.969142	28.009287	180.569134	48.299734	1664.28067
T1_0875	642.537105	436.724867	253.740128	52.879689	48.898178	25.404499	24.019524	170.917874	49.986949	1705.108813
T1_0892	634.398724	371.351743	243.689451	55.678611	41.676055	26.069982	28.228704	165.466316	42.596471	1609.156057
T1_0939	677.140504	453.246785	291.798748	66.630139	52.325988	31.434242	31.683111	205.600324	45.882973	1855.742814
T1_1010	719.174148	520.178817	340.379121	69.978089	60.900568	29.900806	34.071838	217.21323	55.51534	2047.311955
T1_1016	678.956484	484.58901	290.950541	64.803459	48.72526	23.644745	28.175564	191.577942	54.306623	1865.729628
T1_1038	728.825726	515.705502	331.230837	59.794823	54.602606	28.283279	36.718195	223.079381	57.7355	2035.975849
T1_1060	597.128616	451.424724	262.595444	58.816513	46.890714	17.443184	27.076649	175.802268	51.348787	1688.526899
T1_1062	620.561442	427.232212	259.088486	62.375506	38.252077	21.665678	25.206755	186.984638	44.790351	1686.157144
T1_1127	703.19248	473.690689	280.337595	57.643552	45.678392	24.256869	26.515756	182.703807	55.988206	1850.007345
T1_1148	492.524098	348.38981	206.586244	42.307269	42.216238	25.034603	21.048255	136.705487	40.578604	1355.390607
T1_1159	751.975535	513.249478	306.121332	67.486047	64.727192	38.590181	33.033548	204.59246	55.009207	2034.784982
T1_1163	681.545043	429.178621	261.087198	60.263539	54.898804	25.611956	28.806051	167.251115	47.607662	1756.249989
T1_1216	642.340229	467.104961	304.672166	52.416822	55.868894	27.932365	32.810291	199.085196	50.211033	1832.441956
T1_1238	722.067882	474.649644	286.791678	60.609344	48.289056	27.372104	28.633257	201.720797	53.332663	1903.466425
T1_1255	719.105625	522.150256	326.886336	61.167199	63.165345	36.060411	35.357851	213.483986	56.275926	2033.652934
T1_1306	585.499202	407.296164	236.250805	48.004857	46.052601	27.953301	23.897806	169.708775	44.809756	1589.473267
T1_1316	586.473268	402.641388	255.617807	47.193668	47.230242	34.397919	30.109771	178.874014	45.799278	1628.337354
T1_1319	665.269092	467.889917	300.547953	62.725754	51.705909	37.420301	34.00868	193.747165	48.912176	1862.226949
T1_1331	697.513254	473.910917	281.359608	65.947377	57.932496	29.562964	26.895935	188.743036	54.474784	1876.340371
T1_1333	531.602564	341.893983	213.303652	40.754928	31.177972	24.323251	26.147636	151.851281	39.706584	1400.761851
T1_1343	674.368716	464.67386	290.570684	56.787541	53.60508	32.062615	32.00287	202.104753	54.961197	1861.137315
T1_1350	701.690265	479.561354	297.608212	53.528332	67.516898	29.837567	31.858707	197.500712	50.738312	1909.840358
T1_1361	665.785547	472.94488	278.982386	57.113386	52.995702	22.506467	26.753624	182.062596	55.894497	1815.039087
T1_1393	656.823907	423.697827	265.081228	46.896233	47.300672	28.09351	27.987123	175.601134	46.452904	1717.934537
T1_1428	747.680554	581.962924	315.916286	71.313059	70.623516	21.158763	25.621308	235.411158	65.635613	2135.32318
T1_1430	661.811763	422.285075	243.420434	50.576479	39.555514	20.45543	24.839282	167.884247	50.510433	1681.338657
T1_1460	780.459606	511.549604	316.345703	61.400654	64.722262	34.083759	34.257924	214.447406	57.026027	2074.292946
T1_1470	544.869076	365.462573	234.947601	44.480269	49.828719	26.489637	26.255801	172.671548	42.665286	1507.670511
T1_1482	768.228611	441.129558	286.962253	54.633998	59.370485	33.192503	37.760331	179.760393	49.295796	1910.333928
T1_1498	653.902151	470.836039	280.363862	67.040373	46.916307	26.065915	29.255496	179.898304	50.560804	1804.83925
T1_1513	632.159655	459.944967	256.259469	50.997743	46.478654	24.994178	21.801675	185.063985	54.6274	1732.327728
T1_1519	672.460129	462.305895	306.092499	45.44328	60.003611	24.748585	30.931814	220.835445	54.885923	1877.70718
T1_1551	620.37798	431.235877	286.227188	57.647591	54.350303	33.029681	34.824782	184.516765	48.749054	1750.959221
T1_1565	657.118423	442.21338	292.14365	51.33031	71.752617	41.652626	31.236049	195.182635	52.105651	1834.735341
T1_1619	697.634267	462.100958	296.709675	64.292861	50.125463	22.810196	29.447914	178.309461	50.645815	1852.076609
T1_1632	624.688757	401.55805	253.446111	56.980095	49.392929	22.122038	25.538059	169.527898	46.144994	1649.398931
T1_1716	627.280907	479.636513	310.068813	51.831275	60.117195	34.202645	33.662467	193.953019	49.798792	1840.551625
T1_1718	581.085468	400.013146	257.294049	50.584538	48.480559	20.308583	24.244266	161.655046	44.095195	1587.76085
T1_1749	623.625566	443.409439	272.856719	63.128139	59.623294	30.495078	33.527702	169.374914	48.249048	1744.289901
T1_1750	640.679036	423.364799	282.03202	52.271395	62.269143	32.695627	30.692707	183.765932	48.882585	1756.653244
T1_1766	675.242748	444.004165	265.964871	55.937586	45.543902	21.579149	29.081128	168.049441	47.364267	1752.767256
T1_1775	680.705535	479.114427	295.91846	64.105601	60.643721	31.567742	32.219208	188.662789	52.076412	1885.013895
T1_1800	687.091894	449.222946	282.607744	54.746894	39.755041	30.738738	32.352605	200.470447	49.659492	1826.6458
T1_1803	797.269358	559.345836	349.609511	70.492621	73.27327	33.76077	36.344275	231.409034	58.982144	2210.48682
T1_1860	656.349953	450.896919	272.474274	52.463767	48.329469	25.04407	30.829281	187.990121	50.173808	1774.551662
T1_1887	650.511354	470.051413	309.056589	53.289922	62.251789	30.550321	33.230071	191.776927	52.610426	1853.32881
T1_1888	709.178605	519.71299	309.953098	62.411664	59.157245	30.532195	34.307296	211.311998	57.953307	1994.518399
T1_1904	645.572768	453.274961	296.438944	65.476106	59.998132	36.885877	35.572755	187.821542	46.504311	1827.545396
T1_1909	593.182747	417.482256	248.972504	57.274395	43.275282	22.953932	24.739368	169.372543	48.925974	1626.179001
T1_1936	542.628112	365.18785	233.160713	48.085607	47.706692	21.736814	26.705954	136.147114	39.18713	1460.545986
T1_1954	744.361754	477.160424	284.736415	57.567593	44.721227	37.438089	31.983344	208.644518	57.012104	1943.625468
T1_1957	727.280039	420.881246	262.146033	62.967636	44.632513	23.01536	28.482353	182.646178	47.204896	1799.256254
T1_1959	496.714101	338.801615	204.182935	37.103431	36.480669	20.960273	19.767372	138.484107	40.670479	1333.164982
T1_1990	745.613943	512.643913	349.306909	57.361045	73.646758	37.487609	39.547595	216.595155	52.421973	2084.624901
T1_2010	857.888212	631.078863	395.798243	73.01089	77.350599	49.862953	47.213405	256.741982	63.927843	2452.87299
T1_2019	777.489535	505.08481	305.663738	71.023722	66.565155	34.966886	35.194204	191.986716	56.150574	2044.12534
T1_2025	556.052995	364.636766	229.123386	50.80505	42.851494	18.507353	23.682026	148.614676	39.334993	1473.608738
T1_2027	597.216491	402.209306	240.366979	54.616775	43.850369	23.385434	24.486276	154.515029	43.154595	1583.801254
T1_2028	648.692681	426.936632	247.322761	54.845389	42.534982	24.638397	26.755506	170.586179	47.951488	1690.264017
T1_2032	766.969655	497.106641	307.282853	61.563405	54.463192	32.352229	28.898758	205.337007	54.934752	2008.908493
T1_2037	522.751122	353.454316	219.209658	50.134501	45.308421	27.336129	23.774182	150.529567	38.902932	1431.400827
T1_2064	742.496353	527.160652	327.914558	68.464172	59.068065	28.160365	31.809306	234.841492	56.985577	2076.90054
T1_2070	523.050316	367.609281	210.107074	44.087387	29.81054	15.553687	22.245309	150.865345	44.829097	1408.158036
T1_2099	785.742006	505.238614	297.463968	57.719491	52.837634	26.091696	33.305461	196.03174	61.597739	2016.028349
T1_2105	640.3621	458.283744	274.456736	62.822146	48.480589	28.930805	26.613755	187.587244	52.188375	1779.725495
T1_2108	558.31826	364.214003	222.792645	44.595078	37.135813	24.677692	23.260935	155.301205	41.442572	1471.738203
T1_2113	627.451889	422.04479	248.306208	47.209996	37.517093	20.051571	29.41726	176.830764	49.344671	1658.174243
T1_2124	716.026598	486.856376	281.775634	61.676465	57.772192	31.187784	29.824071	185.704645	54.208032	1905.031798
T1_2142	760.561365	502.109582	327.124279	60.783309	66.294846	36.092519	36.009619	204.979561	53.738805	2047.693884
T1_2155	660.194163	451.876301	255.72389	60.64117	41.504434	23.968499	24.905956	169.889818	48.891341	1737.595571
T1_2164	615.804392	436.471108	255.925647	59.108707	41.408496	22.346746	27.293633	173.628159	47.398874	1679.385763
T1_2167	682.157687	481.684135	270.806973	63.814412	48.838219	27.563328	27.8484	183.112595	58.365901	1844.19165
T1_2169	608.187	415.88588	272.557088	53.051894	44.162304	24.63026	30.601694	181.127587	43.108626	1673.312333
T1_2196	644.760676	432.617934	277.756225	52.188553	46.124696	28.259271	30.552547	191.496942	49.230382	1752.987227
T1_2199	618.588831	395.529191	232.622215	54.595914	33.327651	18.36307	24.229454	170.892256	44.163101	1592.311682
T1_2228	651.540501	443.720902	287.974461	55.713494	63.063712	32.238194	31.786108	190.884417	48.896459	1805.818248
T1_2236	673.466582	419.826613	250.882907	45.053932	46.323089	18.667352	25.902451	176.526063	50.240559	1706.889549
T1_2267	677.002772	443.349595	289.681964	56.691559	56.916508	36.04344	31.218936	198.585427	49.114904	1838.605105
T1_2288	715.340688	501.259713	309.179969	73.413483	51.045367	24.681802	34.031907	217.602879	52.240714	1978.796522
T1_2326	638.63879	409.310196	248.558605	47.053587	47.944022	23.877293	28.020046	164.702348	42.418393	1650.523279
T1_2333	810.279033	511.218046	287.4752	70.151318	56.649314	24.241978	28.751892	185.953659	58.314191	2033.034632
T1_2377	592.966315	414.997335	263.034142	59.98257	49.486974	21.711228	26.319059	188.113528	47.581812	1664.192964
T1_2392	605.414329	397.189487	255.300289	56.214413	52.5057	31.356701	28.760903	158.726261	43.556312	1629.024394
T1_2393	824.265874	556.586252	326.201038	74.026217	56.776624	27.75243	32.699594	208.364808	61.079984	2167.75282
T1_2405	717.034218	495.005192	319.411643	65.731497	48.472607	29.98459	34.981225	215.662188	52.186872	1978.470031
T1_2417	578.659734	345.773477	217.182952	48.502848	35.47852	18.586211	21.732818	145.390995	37.999538	1449.307092
T1_2423	814.480337	502.225551	309.168851	64.041584	50.468993	20.342065	27.985126	204.036384	56.974242	2049.723133
T1_2468	572.900694	393.447118	252.0391	55.383512	46.013122	22.763607	26.278174	168.057358	43.671605	1580.554291
T1_2492	599.689591	415.850463	253.336207	53.431362	44.949372	24.038818	26.260717	160.260501	45.49953	1623.316563
T1_2512	664.76864	493.986541	308.150626	62.546972	49.602424	25.784714	32.791068	214.929021	54.474407	1907.034414
T1_2519	635.971074	452.110392	285.073631	60.206405	44.346966	21.355245	29.45682	185.47392	50.689073	1764.683525
T1_2520	597.313672	404.410988	238.184914	49.484111	44.744826	19.339378	20.805277	164.21288	48.304627	1586.800673
T1_2527	639.634317	448.294453	269.392463	55.139066	42.581114	27.709176	27.220422	184.036259	50.377439	1744.38471
T1_2530	568.051688	399.389033	269.389861	42.288406	66.05452	37.949176	33.601124	175.52782	43.634612	1635.886239
T1_2544	533.417715	370.775014	226.51061	44.690106	41.080713	19.628506	24.154173	161.787571	44.750604	1466.795011
T1_2590	709.502252	495.37557	300.623982	60.420127	51.715901	33.670865	35.510952	201.089915	56.892532	1944.802096
T1_2608	628.066347	417.801399	270.017873	58.89227	45.365861	23.502364	27.739535	183.133919	45.042188	1699.561756
T1_2645	663.026327	442.409923	264.517271	46.828746	63.841529	34.135621	27.986451	172.860995	49.765985	1765.372848
T1_2646	512.236301	368.357381	223.289572	45.736541	35.27215	15.47237	24.259128	149.892506	43.482389	1417.998337
T1_2680	701.323599	486.510245	311.685591	65.990873	58.621958	28.307984	33.965079	207.516996	51.829504	1945.751828
T1_2692	650.07254	465.656983	298.029505	51.654761	48.102625	27.353004	33.220888	191.201357	51.955541	1817.247206
T1_2701	562.177305	411.583967	267.063271	47.416965	62.648128	30.186782	29.726782	169.602732	42.539243	1622.945175
T1_2714	636.457337	447.356991	284.959825	53.893447	49.204428	24.501388	29.25116	197.411452	50.020015	1773.056041
T1_2759	747.274648	544.379781	322.326613	76.518532	62.669083	29.446472	33.375646	200.669206	55.962239	2072.62222
T1_2772	553.239456	352.8205	217.264074	45.303155	42.698711	25.715824	21.980197	150.288263	41.717761	1451.02794
T1_2795	597.881835	424.477173	249.45525	56.761314	39.305211	20.040587	27.189002	170.682352	48.829618	1634.622343
T1_2823	540.807262	373.883593	242.616879	48.648406	44.496628	21.524524	25.348926	164.016903	41.484551	1502.827672
T1_2828	614.382656	420.66286	253.508829	51.497265	40.153727	24.994664	23.825367	169.39749	49.724325	1648.147183
T1_2845	615.055065	439.285131	273.961981	55.610908	43.789642	18.991287	26.369689	185.53606	47.237172	1705.836936
T1_2846	635.715123	429.219311	273.243542	55.022026	45.434521	24.944939	31.325484	195.622536	49.231638	1739.759119
T1_2896	646.334831	439.765409	268.152079	55.472241	53.439851	30.061662	28.09537	172.634771	50.287357	1744.243571
T1_2920	625.599998	429.232716	265.150046	51.877614	56.989365	26.085956	27.872237	171.435863	48.282559	1702.526353
T1_2942	642.113086	430.470553	269.18731	50.657028	54.56817	23.545416	33.046171	169.697554	47.786964	1721.072252
T1_2958	619.979652	432.556081	274.847061	59.405805	52.050454	28.25226	27.47418	188.384857	46.453546	1729.403894
T1_3025	749.883526	545.357716	343.773567	69.144185	57.050922	26.915752	38.992138	233.410744	61.55934	2126.08789
T1_3029	721.068635	516.530778	336.01596	58.828075	64.272939	34.285337	38.467197	204.180014	50.525149	2024.174086
T1_3056	551.547637	382.472718	233.557181	61.206834	38.103657	17.407827	25.10258	153.136301	41.733611	1504.268346
T1_3121	675.49736	448.539323	293.532005	58.141664	56.020029	35.627866	34.5446	204.261092	46.124207	1852.288146
T1_3128	755.665647	518.96047	333.720231	69.488915	57.475434	34.118647	41.69546	232.104078	54.090198	2097.31908
T1_3135	648.44306	472.884828	306.24432	60.287482	57.443975	31.636409	35.918221	195.846758	48.208266	1856.913318
T1_3143	665.712023	444.404089	270.59765	58.325231	49.273999	25.165839	26.95077	180.892253	47.888876	1769.21073
T1_3146	609.815602	468.940289	292.474405	63.091364	49.574386	38.001337	33.168786	196.908331	46.618933	1798.593433
T1_3148	675.047109	449.537636	277.649676	53.445264	50.304313	28.813925	31.470325	182.635609	51.42384	1800.327698
T1_3191	759.211855	477.544128	302.905348	63.69404	53.873667	37.218109	35.79222	187.996011	52.111915	1970.347291
T1_3256	631.375076	425.643215	258.168583	54.636455	40.515082	20.316369	25.618374	175.748558	47.596629	1679.61834
T1_3259	641.302803	446.645451	262.371588	57.34343	42.191539	19.53889	26.894083	173.224795	50.855916	1720.368495
T1_3299	595.994972	409.401767	254.247391	51.829603	54.083243	25.907856	25.718674	164.598252	45.990004	1627.771761
T1_3315	602.049816	404.807497	268.901041	57.517523	44.525738	20.490421	30.058235	181.605759	42.585575	1652.541605
T1_3319	682.660089	515.072855	310.93489	79.530841	52.512173	29.618123	31.713802	212.220981	56.233112	1970.496867
T1_3354	656.071591	459.717579	294.576419	60.032929	56.881683	30.459581	31.084651	199.136289	48.406617	1836.367338
T1_3408	676.60489	474.431513	295.886855	53.932944	50.621304	27.251555	30.820157	185.303957	52.48116	1847.334335
T1_3447	732.49812	486.484369	292.34494	63.788546	50.585567	23.987756	29.178495	203.76409	54.201815	1936.833698
T1_3533	552.334989	394.184677	252.015159	44.050076	40.696022	25.741405	27.553067	167.850452	45.558584	1549.984431
T1_3541	850.272674	568.891736	372.064634	70.081016	68.526508	41.946646	39.855018	239.488935	61.627919	2312.755087
T1_3586	693.771702	435.0226	274.917474	65.28948	40.757799	24.826403	29.733953	194.190675	45.07084	1803.580926
T1_3610	850.302802	580.272097	359.50868	77.933502	59.700622	26.566977	36.403297	239.019767	62.53659	2292.244334
T1_3612	688.240039	447.701582	277.920063	54.558516	51.091384	35.511261	34.213962	182.413895	50.829778	1822.480479
T1_3625	709.470925	459.172522	265.35637	60.762247	45.74217	26.640501	29.845378	184.77127	52.229968	1833.991351
T1_3646	628.256959	455.480524	290.799245	59.755888	63.444635	36.162263	34.509237	183.110106	48.938893	1800.45775
T1_3659	714.570529	476.694649	299.255048	58.371463	46.409402	21.350186	29.237065	191.788177	48.957424	1886.633944
T1_3671	722.77364	511.703999	331.58212	64.120059	76.098986	37.079665	41.373656	220.766488	57.742639	2063.241253
