Subject left_Lateral-nucleus left_Basal-nucleus left_Accessory-Basal-nucleus left_Anterior-amygdaloid-area-AAA left_Central-nucleus left_Medial-nucleus left_Cortical-nucleus left_Corticoamygdaloid-transitio left_Paralaminar-nucleus left_Whole_amygdala right_Lateral-nucleus right_Basal-nucleus right_Accessory-Basal-nucleus right_Anterior-amygdaloid-area-AAA right_Central-nucleus right_Medial-nucleus right_Cortical-nucleus right_Corticoamygdaloid-transitio right_Paralaminar-nucleus right_Whole_amygdala
T1_0005.long.0005 669.864816 444.484397 320.199604 41.676400 58.304707 30.510361 32.796865 181.392941 50.065088 1829.295179 649.194738 463.754503 329.613860 51.460356 58.503170 28.507001 35.140737 187.307249 49.562696 1853.044310
T1_0034.long.0034 635.034983 425.269222 253.416228 49.286145 47.039968 22.522039 25.938151 168.074214 51.808183 1678.389133 666.610440 411.706334 258.698031 50.996516 45.407996 22.267251 26.156690 169.731072 46.691384 1698.265715
T1_0081.long.0081 531.940608 368.976872 234.377664 45.092654 44.290916 24.262538 25.320907 155.313401 40.343063 1469.918621 533.554703 381.794362 272.207502 51.761079 43.532190 21.064773 27.601363 154.684954 38.685640 1524.886566
T1_0193.long.0193 579.131135 383.428003 265.939278 46.531836 44.073195 25.783374 28.434305 169.484373 41.061388 1583.866888 577.862325 410.843624 270.191109 54.990918 50.440680 29.629857 35.385046 178.978870 41.839010 1650.161439
T1_0365.long.0365 518.600798 330.738504 209.111643 46.629070 34.902061 19.855216 22.046429 131.227770 36.798001 1349.909493 563.110055 394.877553 253.303782 48.742295 39.235919 20.465658 27.460509 145.495966 39.490808 1532.182545
T1_0366.long.0366 693.698657 450.119640 308.224383 47.481997 65.877879 29.569729 34.830900 184.733405 55.050820 1869.587411 724.680886 466.797511 318.496338 56.920143 52.391470 32.819041 35.524498 193.752186 49.245575 1930.627648
T1_0435.long.0435 553.839328 367.288919 223.778709 45.438279 47.487968 36.125870 25.937112 159.419448 44.060789 1503.376421 539.014675 382.750414 239.105249 42.817422 64.491351 37.696627 28.835632 156.159029 43.857987 1534.728385
T1_0454.long.0454 744.594528 523.530418 336.068544 59.411171 52.970764 23.843195 33.057999 202.358442 63.734914 2039.569974 765.625237 483.014583 299.778584 62.672080 49.446321 32.950348 34.517898 192.081151 59.805904 1979.892106
T1_0497.long.0497 585.407860 397.513135 250.209180 51.126195 51.773277 27.080135 26.442467 172.598134 44.164458 1606.314841 605.891739 412.113116 266.293716 50.252016 45.234383 30.533162 26.778466 185.087951 43.727849 1665.912396
T1_0643.long.0643 548.081952 433.958197 302.153257 51.018556 49.220697 30.298169 34.404001 185.702674 50.706563 1685.544066 620.878644 428.857225 281.046236 60.819926 58.582869 31.677708 30.729024 176.847141 48.644642 1738.083415
T1_0695.long.0695 638.031937 435.981738 277.939826 56.341708 56.323696 29.040676 28.548762 183.482700 51.016696 1756.707741 693.054999 445.905082 269.586311 65.885495 59.068440 34.406583 31.546092 186.602806 49.286261 1835.342068
T1_0708.long.0708 635.914958 471.513184 268.501390 63.879789 47.058253 22.020458 25.933319 197.096546 53.635529 1785.553426 576.103664 420.864192 256.777530 62.349714 49.416270 25.045871 27.381446 180.788298 44.293148 1643.020132
T1_0758.long.0758 609.715355 397.800510 243.494811 52.825910 50.728461 28.475206 24.576264 160.449695 45.509253 1613.575466 676.806470 412.045618 263.191870 46.029245 48.086273 24.946873 27.046951 156.496765 43.577601 1698.227667
T1_0789.long.0789 645.167910 459.123290 287.367985 56.158478 53.179647 29.610065 34.710853 201.588858 51.913408 1818.820494 686.683745 464.638412 322.979468 57.466082 52.790931 30.728691 38.308364 207.164127 59.107576 1919.867396
T1_0790.long.0790 484.957383 349.142171 222.058493 48.871478 34.229851 18.985101 22.188993 152.910741 32.854639 1366.198850 523.225754 387.968659 245.359763 52.245120 42.635580 22.882150 22.803190 159.797168 40.173006 1497.090389
T1_0839.long.0839 613.396845 427.458990 303.843798 48.103507 48.170071 23.597982 30.415610 177.533926 45.285298 1717.806028 588.893472 414.390803 291.513635 48.650268 62.767602 27.494790 29.361687 176.916304 44.693765 1684.682325
T1_0875.long.0875 580.664446 413.737102 287.497692 52.194757 47.932324 26.254737 38.611459 172.864058 42.257376 1662.013950 615.764625 413.203290 244.666008 52.789246 51.272671 29.454886 24.067030 173.452289 46.029820 1650.699865
T1_0892.long.0892 594.456195 386.858766 256.377912 50.057149 45.466488 22.747412 27.123018 168.950789 41.060360 1593.098088 601.775418 338.132871 226.161469 55.616650 42.479866 23.424376 27.094287 156.760973 37.296664 1508.742574
T1_0939.long.0939 692.868174 468.148027 322.722983 59.868254 59.012053 21.810176 29.456378 189.779477 48.584614 1892.250135 695.416712 434.074475 296.698955 63.925836 55.288273 28.793761 30.290685 187.499264 43.856721 1835.844682
T1_1010.long.1010 734.611284 495.804387 343.539426 70.339255 58.036639 34.145838 36.214770 210.272979 51.263949 2034.228529 708.863864 514.572438 365.613056 69.003665 64.780929 30.071074 37.030890 220.055435 55.454829 2065.446181
T1_1016.long.1016 698.296527 500.631996 326.430111 55.381324 49.831422 27.978981 37.647180 199.497201 53.644879 1949.339621 652.068349 489.653547 321.941252 61.215711 51.035089 22.644437 31.841992 186.396768 52.848775 1869.645919
T1_1060.long.1060 651.871342 399.424495 271.669572 53.833332 44.289352 19.388986 24.808175 157.073718 46.849300 1669.208273 623.967453 477.815564 272.331615 58.978772 48.655869 14.386949 22.196857 172.396440 53.586311 1744.315831
T1_1062.long.1062 617.936759 377.749898 245.428965 57.756126 38.749608 21.835580 28.584965 159.456941 37.459135 1584.957978 605.123899 406.799329 269.123145 59.530623 40.648884 21.748697 25.643731 171.110600 39.301658 1639.030568
T1_1127.long.1127 727.288458 460.637162 263.729799 55.669774 53.673013 24.582313 26.205925 178.834175 55.767161 1846.387780 735.618782 503.255156 281.283388 61.251694 53.358662 25.766538 24.702871 170.705606 56.846790 1912.789486
T1_1148.long.1148 528.051704 322.045693 198.809062 40.632510 36.117675 24.922335 23.762263 127.397087 34.443888 1336.182218 497.274429 330.785238 205.455615 40.905267 46.638920 26.501616 21.915846 124.057062 35.477230 1329.011224
T1_1159.long.1159 728.316736 521.433101 320.098840 65.490867 62.769768 28.019466 29.527110 210.420206 52.055486 2018.131581 737.983553 484.100173 299.069717 66.677557 59.607419 36.340829 32.400793 205.935089 50.901442 1973.016571
T1_1163.long.1163 677.927490 456.626695 276.282355 61.283327 54.521065 31.746239 29.933314 178.374025 50.622746 1817.317255 694.334842 438.595664 284.214217 59.791509 51.370939 24.086283 31.825671 164.749922 44.160903 1793.129950
T1_1216.long.1216 584.224534 403.955141 272.700171 49.878250 57.419576 30.018846 31.378591 184.506157 43.764968 1657.846233 631.878087 437.750711 288.894792 52.203462 57.071658 25.805555 30.960436 195.406122 46.850568 1766.821392
T1_1238.long.1238 693.499071 469.666498 298.370709 51.069443 45.521589 24.757944 30.902666 180.672153 57.072030 1851.532104 737.779773 479.443528 303.723317 57.487883 49.784088 28.536338 29.101280 188.441909 52.903956 1927.202072
T1_1255.long.1255 729.262570 475.729514 305.985163 56.217642 53.558394 33.116548 28.620090 203.203583 49.211618 1934.905122 709.543556 502.439107 350.782799 56.314325 62.150105 32.616277 35.073269 187.669137 47.792659 1984.381236
T1_1306.long.1306 501.444091 350.747485 221.806215 40.761448 37.917290 27.022313 23.471029 159.667319 40.568932 1403.406122 562.452115 384.315444 227.190065 48.453234 47.898949 33.155360 23.408665 168.312079 42.125880 1537.311790
T1_1319.long.1319 557.522631 392.190807 277.517345 47.031838 54.622987 27.741721 31.565710 180.294518 42.332663 1610.820220 650.178484 460.725406 320.135265 54.441735 52.468702 31.282245 33.914045 183.958868 45.993750 1833.098500
T1_1331.long.1331 686.926297 496.740269 308.809567 61.086785 58.764307 22.479842 23.076805 192.064222 56.099108 1906.047204 707.222217 501.029066 308.195413 67.213431 63.730460 28.732789 29.262253 180.729134 57.063258 1943.178021
T1_1343.long.1343 620.382265 429.815664 282.309285 56.484658 46.337052 28.978459 33.789463 200.765831 48.832041 1747.694717 681.034595 459.596664 301.227175 60.783044 53.915823 30.945738 33.334406 208.202557 56.427382 1885.467383
T1_1361.long.1361 607.992468 442.069882 306.445653 53.381286 62.915221 29.501272 33.616737 180.234251 49.508190 1765.664962 638.368260 430.687112 272.755818 56.411255 60.772933 26.951516 27.527901 178.098881 48.532739 1740.106415
T1_1428.long.1428 865.980970 579.507251 313.995020 72.739648 53.291448 22.812363 23.858163 238.731385 68.869704 2239.785950 750.041974 589.337208 307.571892 67.188553 66.243753 18.382168 20.577848 190.018919 61.518298 2070.880614
T1_1430.long.1430 674.937153 438.078389 278.112812 63.416272 49.799616 27.694249 30.382600 173.311488 52.675410 1788.407989 723.656886 435.910357 265.966268 55.328067 40.916130 17.964201 28.770893 180.317151 48.491378 1797.321331
T1_1460.long.1460 730.642935 472.973037 297.629621 60.141942 58.813361 33.736533 32.099952 201.326324 49.597230 1936.960934 790.271489 501.337168 311.239355 62.740077 58.858762 28.726025 33.633030 204.599797 54.544110 2045.949811
T1_1482.long.1482 739.905657 410.915182 278.745560 44.481055 61.208869 26.443821 28.058881 170.464958 47.237404 1807.461389 741.751106 408.415894 269.782035 55.328295 52.175954 26.454028 34.139752 166.349705 45.210977 1799.607746
T1_1498.long.1498 625.941608 488.033190 291.273909 59.801048 56.113229 28.532264 30.034676 184.363543 52.894831 1816.988298 649.859448 480.749260 306.251422 65.724888 50.975788 26.051352 30.790667 181.992065 48.233399 1840.628290
T1_1513.long.1513 670.243732 457.922030 280.871268 57.052136 55.506809 30.589520 28.683872 188.898512 52.443679 1822.211558 691.448885 477.101456 262.180062 56.838871 51.567277 27.514116 26.087507 187.404510 55.169312 1835.311995
T1_1519.long.1519 578.191530 416.171515 292.023991 41.977328 54.199821 25.091104 29.357183 218.430035 51.817288 1707.259796 623.256100 409.094266 299.956169 43.782753 51.517045 23.990805 30.176207 218.281128 49.813629 1749.868102
T1_1619.long.1619 656.400521 437.480798 268.806037 43.698745 55.714553 24.708475 26.657307 157.360542 52.065111 1722.892090 656.534620 413.672308 297.463381 61.572639 61.948197 21.571991 27.598612 158.392552 49.051516 1747.805817
T1_1632.long.1632 626.835535 418.767523 207.042780 51.849012 43.161633 17.179427 16.552648 136.146683 48.527919 1566.063160 611.867328 393.594842 263.799517 52.080455 42.191646 18.034451 26.661186 155.641324 41.892144 1605.762893
T1_1716.long.1716 555.703794 453.517974 306.875790 52.238807 53.470217 23.946684 32.023597 192.013054 47.589081 1717.378998 614.619057 461.839700 316.541810 50.207271 54.794265 24.945617 34.633246 193.337608 45.875366 1796.793940
T1_1718.long.1718 575.409329 392.712261 264.554765 41.534934 47.226658 16.472246 23.115263 150.695138 44.789957 1556.510550 580.637515 390.499454 284.503638 49.883563 48.541211 18.448363 25.731063 155.571221 40.673482 1594.489509
T1_1750.long.1750 613.717418 413.440185 254.199243 54.293757 54.797583 34.902723 25.899805 166.545134 43.184530 1660.980378 600.156970 391.433302 263.527007 48.677307 52.443836 34.115736 28.811950 182.090953 44.135620 1645.392683
T1_1766.long.1766 604.724749 417.695522 281.770969 56.162248 52.752742 25.917685 29.834125 159.291684 44.665929 1672.815653 640.387820 413.112993 259.011684 50.451114 50.361160 21.457647 28.607808 160.800968 45.207037 1669.398231
T1_1775.long.1775 669.452709 450.617025 291.244842 57.415674 58.951818 30.918404 31.778729 192.586250 47.773053 1830.738503 670.452595 463.394756 290.183109 66.148742 61.891767 33.982384 34.150712 190.894145 49.322455 1860.420665
T1_1800.long.1800 696.693582 452.027497 299.447979 61.494172 57.847376 35.572321 36.065415 193.934426 49.084533 1882.167302 688.808549 441.676224 293.554468 58.973660 49.365846 33.816918 35.079793 195.810823 47.203697 1844.289978
T1_1803.long.1803 736.329835 536.537193 344.179077 63.990084 60.263238 35.614462 40.146261 231.740315 58.286443 2107.086909 781.011005 549.104648 366.674210 67.770605 72.638513 37.352522 39.043397 232.774364 56.479902 2202.849166
T1_1860.long.1860 646.005983 411.012992 253.174104 52.116785 47.370969 24.828633 29.350785 186.953645 45.927270 1696.741165 672.411411 438.702539 279.998607 50.091355 46.975174 25.081420 33.666882 188.317510 45.756415 1781.001313
T1_1887.long.1887 669.251452 441.575730 279.604408 52.909695 52.189864 34.726880 32.004436 185.466495 51.861273 1799.590235 639.333957 456.749539 308.552644 57.322521 63.088392 27.956126 32.590141 188.460648 48.439575 1822.493543
T1_1888.long.1888 690.539940 449.257897 250.717791 53.064706 43.843297 28.005317 28.880334 185.607304 54.296977 1784.213564 717.356378 518.204808 304.698852 63.721111 55.137392 28.811167 32.037647 220.880765 57.389778 1998.237899
T1_1904.long.1904 656.094030 430.044030 258.468869 49.889724 45.605048 21.821807 26.498897 169.007181 50.912326 1708.341912 616.423961 416.621514 278.818433 65.436372 53.747081 26.597736 32.901279 190.453537 45.548488 1726.548401
T1_1909.long.1909 594.236888 404.395710 266.445870 58.613378 36.239335 17.345660 26.279492 170.609948 40.563788 1614.730069 575.211848 392.688411 253.846421 55.802078 37.183576 21.619593 26.266245 161.888931 43.288116 1567.795219
T1_1936.long.1936 529.998985 381.082252 196.308297 41.240459 45.346509 13.436532 14.663300 122.559244 45.412602 1390.048180 555.741033 403.454939 198.712238 46.197710 52.398117 13.081591 15.361025 123.499234 48.231555 1456.677442
T1_1959.long.1959 478.873802 367.746995 243.549633 41.778879 39.597411 25.340213 22.604691 149.929206 38.048420 1407.469250 490.187366 356.172126 229.650914 37.664912 43.771990 18.634749 22.700584 133.737643 38.439772 1370.960056
T1_1990.long.1990 663.655082 466.876247 341.869726 47.771980 68.851513 36.350387 36.579046 216.852693 50.919422 1929.726096 738.281628 493.430224 337.210289 56.568114 70.801532 33.813551 36.946027 220.748393 51.744732 2039.544489
T1_2010.long.2010 830.872720 582.741887 369.437421 71.623225 68.150699 35.584313 37.459401 248.270502 59.184009 2303.324177 859.183822 595.533310 371.007563 69.288956 76.042286 43.416956 41.697013 239.843451 57.800865 2353.814223
T1_2019.long.2019 734.038494 482.709250 300.678495 65.901586 56.908426 26.940580 31.608937 198.403946 52.893482 1950.083196 773.155028 503.544193 318.127836 69.856130 64.947476 34.857024 34.153952 190.790876 53.535111 2042.967625
T1_2025.long.2025 633.696160 406.319956 262.860816 49.638853 48.103923 20.799257 25.711437 154.575329 42.870464 1644.576195 543.045826 370.800804 251.971249 48.887550 43.841545 21.203860 23.845210 155.920763 37.211544 1496.728352
T1_2027.long.2027 555.329858 395.582808 293.250023 52.832501 56.450701 27.929437 29.603517 167.163382 42.057751 1620.199979 571.112441 394.238468 236.119474 56.865923 40.061290 22.098620 26.649600 150.904128 41.709395 1539.759340
T1_2028.long.2028 605.374429 389.485455 231.653998 45.811622 44.875992 19.324219 24.569844 145.808377 44.912273 1551.816207 646.685101 414.965126 225.820857 57.535804 44.305288 20.767759 21.284972 148.849172 49.621137 1629.835217
T1_2032.long.2032 779.728831 545.720031 339.666128 63.167835 60.359986 36.293457 35.508597 205.074822 55.445736 2120.965424 750.154487 508.669101 341.524958 58.673389 57.122301 32.893351 31.609431 191.100775 52.117735 2023.865527
T1_2037.long.2037 564.214134 392.752081 258.597628 48.338182 45.894833 19.348855 27.145558 147.453941 39.775795 1543.521006 530.048515 379.181459 252.896174 47.956398 47.747247 27.738711 29.629555 147.428264 40.307602 1502.933926
T1_2064.long.2064 732.021004 492.097158 309.835505 69.498145 61.684224 34.207317 30.356387 219.798595 54.187411 2003.685746 708.157097 501.315085 321.257485 66.650835 61.027138 29.598627 32.501836 227.866460 54.670896 2003.045459
T1_2099.long.2099 760.299973 479.281912 296.018050 55.228710 46.316101 29.553875 32.676348 195.778015 58.565479 1953.718463 779.941307 497.412339 296.581074 63.090577 51.711737 28.683729 33.510199 196.019279 58.473465 2005.423707
T1_2105.long.2105 648.030306 434.088613 270.540637 66.963878 49.154327 25.922551 29.845606 188.194587 49.409436 1762.149940 631.464440 447.633313 295.662446 60.905285 44.222756 24.642289 28.511182 189.119245 47.385982 1769.546939
T1_2108.long.2108 512.762697 348.747117 222.047482 42.114044 35.325334 18.978827 23.652317 150.286904 38.308170 1392.222890 538.877868 344.633518 220.413383 45.742290 42.629154 25.884671 25.260736 146.938773 38.062564 1428.442956
T1_2113.long.2113 650.261638 431.773053 257.637773 47.631451 44.106297 23.157062 29.156868 189.090435 48.529692 1721.344268 624.000218 398.566420 238.334179 47.149560 37.313308 20.677987 25.541976 171.049777 46.356677 1608.990102
T1_2124.long.2124 665.222911 439.437844 282.755301 49.878425 62.042241 34.890043 33.201376 183.031513 48.337415 1798.797068 686.620721 454.940111 260.765361 62.424708 56.670451 29.914160 27.119269 177.447023 49.209256 1805.111060
T1_2155.long.2155 629.461438 430.178207 250.129896 55.943599 51.976268 21.883181 23.083065 165.715471 47.772797 1676.143923 636.049700 437.066074 260.508097 61.968504 46.410195 24.881537 25.953794 166.509034 46.365051 1705.711988
T1_2167.long.2167 664.553904 455.387690 240.746531 57.186062 49.077493 26.587542 24.302880 174.511731 56.499060 1748.852895 668.939584 451.955316 278.057356 68.282452 50.921773 31.177548 29.906768 184.112711 51.802852 1815.156360
T1_2169.long.2169 597.419602 418.449071 292.266523 47.574890 49.830994 24.657437 30.715917 162.904146 42.197630 1666.016210 585.460769 381.053028 260.006899 50.028359 42.154657 22.261050 28.203691 159.436111 39.269339 1567.873903
T1_2196.long.2196 677.344211 433.579064 266.818710 50.131046 52.684509 25.735338 25.196155 188.722550 51.064942 1771.276526 620.644295 414.771975 279.440891 52.434002 51.665355 27.789971 28.410246 181.675427 45.971112 1702.803274
T1_2228.long.2228 627.636965 406.868033 253.905355 54.813935 56.815135 35.931388 27.889579 188.302118 46.154972 1698.317480 675.153750 422.631157 285.852912 56.486755 59.852435 29.682040 35.155393 180.241834 46.791168 1791.847443
T1_2236.long.2236 733.458783 429.693152 285.955626 49.073923 61.610319 20.004188 26.402755 184.518318 46.623939 1837.341002 749.089579 442.236095 249.456526 48.213639 47.352269 20.091469 23.179887 176.418380 54.762883 1810.800728
T1_2288.long.2288 755.481176 550.210253 360.516566 81.486386 58.338416 34.432078 38.116792 208.849488 56.796076 2144.227232 683.512891 517.760351 347.803777 72.508855 54.003703 25.851964 36.761026 208.778007 51.187950 1998.168523
T1_2326.long.2326 570.274390 346.390159 227.670973 46.149276 41.295402 20.629529 24.738459 158.862972 36.928529 1472.939688 595.730035 382.289526 232.153925 45.519687 47.206533 23.166699 23.841910 157.983393 39.542598 1547.434306
T1_2392.long.2392 598.257233 368.296274 236.468259 59.703928 40.949259 20.786799 23.900173 153.690445 39.034574 1541.086944 606.006434 388.143581 256.130330 61.327516 51.837880 28.743531 28.029830 156.988495 42.200528 1619.408126
T1_2405.long.2405 676.390476 454.550197 318.588337 64.170690 59.349655 32.482795 33.123721 190.292196 51.144676 1880.092743 693.278077 479.944905 307.446446 67.620693 49.596843 29.053955 32.441610 210.109147 49.736588 1919.228265
T1_2417.long.2417 620.182069 420.416917 257.654809 60.151260 40.943072 16.638157 24.601494 188.331442 48.836978 1677.756198 599.545846 353.941466 222.701220 52.542675 37.167817 19.454332 22.648317 155.492896 37.400676 1500.895245
T1_2423.long.2423 868.449400 535.649861 332.795788 71.108262 57.757972 29.674988 33.801299 209.559119 57.697093 2196.493781 816.497201 493.077960 312.303466 67.168381 51.501589 19.819337 27.513983 195.407241 52.517744 2035.806901
T1_2468.long.2468 580.573217 424.730566 240.846677 53.989547 63.121760 31.925768 27.956478 152.914527 45.028147 1621.086687 541.060199 390.233414 269.680254 45.738488 48.908073 23.426126 27.247992 163.448519 43.051439 1552.794504
T1_2512.long.2512 637.581012 446.102276 300.109234 56.704279 55.783163 26.233067 33.778850 183.913478 45.680699 1785.886057 658.331397 471.075918 305.329852 57.448832 49.646914 24.866220 30.370145 191.318937 49.360223 1837.748438
T1_2520.long.2520 725.736964 413.964852 224.764648 51.088762 45.239790 23.358025 22.323696 154.014788 48.958485 1709.450009 600.768889 394.975311 230.652583 47.123908 39.690197 20.881805 20.167920 152.731534 47.298428 1554.290576
T1_2530.long.2530 525.855671 391.011626 298.220254 40.620279 58.758245 27.943690 33.411621 174.284056 42.480314 1592.585757 511.787465 367.246141 253.225518 38.980041 63.260995 36.845961 29.659249 167.721625 40.452961 1509.179957
T1_2544.long.2544 534.107614 414.650440 230.021089 44.934911 45.043063 18.786477 20.580790 147.557422 42.284617 1497.966422 554.366700 375.215810 233.073950 47.318986 46.025601 22.950758 26.204851 160.786564 44.343213 1510.286432
T1_2590.long.2590 685.161487 494.990743 304.686871 61.783226 52.578753 31.630976 28.518233 203.346145 56.684797 1919.381230 683.874423 500.307052 322.623496 54.194980 49.535094 32.246833 36.103059 194.749449 59.685406 1933.319791
T1_2608.long.2608 597.088585 402.565400 242.477722 60.055384 43.731620 21.230338 22.807862 174.544852 41.637916 1606.139678 623.671827 419.815175 279.770232 56.882611 40.646148 20.036595 27.787905 175.162688 40.532158 1684.305339
T1_2645.long.2645 649.005800 427.532467 253.190411 48.428988 50.141083 26.423330 25.902382 165.832523 49.440569 1695.897551 671.636119 428.953329 261.781340 50.352409 53.318729 27.209964 28.223618 167.360487 48.875900 1737.711895
T1_2646.long.2646 507.801125 366.886001 232.781621 43.357651 34.513382 17.872696 22.726116 140.735944 41.872660 1408.547196 544.518408 371.096959 234.980419 46.270785 36.805194 18.242940 24.550079 142.010239 41.138117 1459.613140
T1_2701.long.2701 584.196810 417.122131 275.307160 46.269759 53.593130 25.405201 28.068930 155.650733 42.045957 1627.659810 569.246848 435.077277 294.118840 46.612994 59.884884 31.201495 31.838221 165.248473 40.895206 1674.124240
T1_2714.long.2714 566.158951 454.077037 288.345724 46.596978 57.114170 26.228961 24.913891 187.748185 50.455884 1701.639781 607.596589 436.035645 290.931490 50.515033 48.414616 20.431412 24.786500 164.753041 47.851945 1691.316270
T1_2772.long.2772 564.226051 376.325814 252.543838 51.632022 46.284855 19.867632 25.715721 157.840123 41.017370 1535.453426 517.254491 297.512295 187.293114 38.464033 37.050108 19.504669 17.921950 130.020258 35.778505 1280.799424
T1_2795.long.2795 636.262101 429.182857 254.844330 50.448509 47.833560 24.848328 25.446175 172.733383 48.683371 1690.282615 620.738031 449.499666 282.859243 52.368073 38.431115 23.693231 30.067292 175.151019 44.182671 1716.990340
T1_2823.long.2823 531.845249 357.814571 242.675440 43.240392 42.375327 19.472115 23.291775 148.537757 37.640354 1446.892980 522.952113 346.636088 225.167813 48.598234 44.171278 20.042594 23.633949 151.723244 37.729159 1420.654470
T1_2828.long.2828 705.083606 500.789403 236.888602 52.174203 24.481917 11.727951 11.623136 211.313471 66.654357 1820.736646 598.625302 376.230499 233.625486 46.939072 45.875849 23.809484 22.225137 146.051325 43.103570 1536.485722
T1_2845.long.2845 549.634479 403.287167 274.700760 43.991569 44.914557 19.795930 26.165384 172.469335 44.201128 1579.160308 572.198724 419.386799 273.331619 52.123763 41.314035 18.134065 25.211218 172.808359 43.905719 1618.414302
T1_2846.long.2846 573.799031 382.231406 243.457394 51.296273 41.640504 20.639657 25.024601 172.132736 42.322586 1552.544188 610.023363 434.661655 308.684750 51.685862 45.016177 25.124376 33.765411 194.829085 44.719319 1748.509998
T1_2958.long.2958 585.181521 392.991868 274.113592 49.216267 47.067667 28.467813 28.406774 170.091322 41.698093 1617.234918 611.848769 409.710974 284.943713 54.059294 60.393335 32.999615 29.850324 184.404661 41.495020 1709.705705
T1_3025.long.3025 752.847198 526.253062 376.698910 60.463067 64.451595 29.006536 40.871802 239.303875 52.891385 2142.787429 706.906263 501.364787 347.492610 63.663176 51.712896 21.553747 34.062426 226.381248 55.684553 2008.821705
T1_3029.long.3029 684.125082 476.800202 304.094067 59.403213 64.947587 33.273149 33.884212 190.977720 52.697196 1900.202428 706.452876 507.723557 335.699346 60.448886 59.009194 30.155200 39.941881 202.455908 51.082382 1992.969231
T1_3056.long.3056 497.958385 397.578436 265.709643 51.439308 47.648282 18.403084 27.056450 175.216227 39.313701 1520.323515 544.571095 363.212185 223.456790 57.928916 41.051287 16.532208 23.813765 139.486068 38.671058 1448.723371
T1_3121.long.3121 646.687421 397.015694 250.869499 53.512538 45.191250 33.326435 31.891269 174.704689 43.559057 1676.757852 650.059167 417.843864 282.652319 57.648404 55.365732 34.198788 32.537046 200.151595 42.932332 1773.389247
T1_3128.long.3128 769.542172 565.796325 400.360068 75.145691 81.344470 39.419342 44.888719 250.292244 61.956389 2288.745420 746.986275 499.280355 342.178570 68.074888 56.050795 27.820307 38.834506 216.595674 48.241297 2044.062667
T1_3135.long.3135 645.269682 440.176533 295.011974 56.566538 50.593366 25.624348 30.917431 174.193919 44.879420 1763.233213 604.541686 439.617086 314.365226 54.414810 56.949933 30.300049 32.903061 183.010933 42.932564 1759.035346
T1_3143.long.3143 616.553514 421.023072 283.470293 53.487386 42.457620 23.217156 28.710285 180.004555 43.325341 1692.249221 651.872771 444.750491 295.654381 55.964483 49.963866 23.350434 30.283270 171.519700 44.791366 1768.150762
T1_3146.long.3146 648.733674 410.999980 288.480948 57.342421 51.201586 30.133452 29.793340 169.942504 43.533328 1730.161233 610.244104 455.551736 305.049092 66.677300 46.683689 31.005378 33.200952 182.545973 45.347521 1776.305744
T1_3259.long.3259 542.564474 353.686358 229.848319 40.341348 45.541954 19.309851 25.846041 138.529888 37.162644 1432.830877 650.643566 454.617123 299.356369 56.304738 41.743781 18.723411 31.032996 167.385648 44.945021 1764.752653
T1_3299.long.3299 628.415592 427.038719 276.974586 47.665717 46.852251 24.656341 31.838257 163.768904 42.283136 1689.493505 598.111922 408.350132 251.543713 53.812873 56.495664 31.206253 26.807903 168.500717 45.721097 1640.550275
T1_3315.long.3315 564.934979 435.324317 304.727928 55.577540 53.048124 25.210868 31.771856 186.138539 42.019443 1698.753595 617.770391 412.164748 292.716554 59.995182 48.123956 20.105763 30.645585 177.702881 41.430117 1700.655178
T1_3319.long.3319 739.967831 535.058675 330.328990 75.649868 53.594282 27.294387 34.399395 207.061167 58.618641 2061.973236 700.045951 501.550319 322.453721 85.965273 50.124949 27.547567 32.334748 212.631145 49.532696 1982.186370
T1_3408.long.3408 659.251348 481.050228 317.669276 55.383770 54.226985 26.041802 28.380351 193.691402 52.038144 1867.733307 669.833267 454.435289 291.900835 56.653095 57.004069 26.737606 30.375032 185.488231 49.549434 1821.976859
T1_3447.long.3447 697.073909 477.695568 276.413277 67.448456 46.147213 20.327606 26.697390 202.210664 52.025368 1866.039451 740.802534 475.156728 304.967664 61.547017 51.802913 22.491710 27.972499 194.981043 50.599525 1930.321634
T1_3533.long.3533 502.971904 341.666497 224.031387 42.490121 42.688025 27.485445 26.092164 151.701424 37.418520 1396.545489 540.421491 372.354667 240.206605 45.082215 41.825249 26.775458 29.140768 168.586502 42.234622 1506.627577
T1_3541.long.3541 731.630508 473.052857 347.165967 60.623960 60.279563 28.355796 33.993358 217.275217 49.317679 2001.694905 834.925167 563.924859 374.241220 73.428915 69.215472 36.116190 40.278765 233.866375 58.564202 2284.561166
T1_3586.long.3586 708.002625 437.760744 285.845738 58.744176 44.844756 22.897928 32.526597 188.067674 47.923558 1826.613796 706.594521 443.619761 289.813471 66.170173 40.810670 24.111410 31.145444 189.195479 44.016134 1835.477064
T1_3610.long.3610 736.498810 521.366610 356.606915 71.989260 58.576150 26.241655 35.109407 228.997088 52.449683 2087.835579 837.521152 549.398652 346.847495 75.814700 60.995895 28.020297 35.464615 234.949125 57.983684 2226.995614
T1_3612.long.3612 680.527889 455.200020 303.553493 57.346956 55.633472 30.239239 31.057271 185.548999 48.538291 1847.645630 676.919446 416.111411 262.342259 53.994982 50.033984 35.624359 31.649224 177.151016 46.956010 1750.782691
T1_3625.long.3625 647.703349 451.776117 306.627952 56.063491 60.925168 26.848975 38.249187 194.187755 51.902877 1834.284872 713.098773 440.470840 262.357949 63.275881 49.565095 25.781123 29.492181 174.196668 49.884332 1808.122842
T1_3646.long.3646 642.955303 437.488855 258.374297 56.862417 57.401430 39.013202 34.539759 161.238660 51.872673 1739.746596 607.064975 459.865074 324.219736 63.996802 52.894193 33.511835 34.807727 177.804684 48.043300 1802.208326
T1_3659.long.3659 725.925379 485.753931 316.373438 55.526483 58.383127 27.173471 34.167831 196.026593 50.353129 1949.683382 709.146074 461.649769 308.853009 55.187745 46.517036 19.220021 29.432754 186.884413 45.781107 1862.671928
T2_0005.long.0005 666.735594 436.349083 300.114511 45.385811 49.927759 30.173695 29.690139 174.724703 49.657251 1782.758547 633.584539 447.054187 299.928628 48.239039 50.264963 25.885947 28.478997 176.115554 49.222663 1758.774517
T2_0034.long.0034 672.284801 430.223677 262.506914 51.483284 48.129702 24.912389 26.642744 173.711313 52.266688 1742.161511 674.449543 419.657048 266.456356 48.090596 48.839611 21.593361 27.756919 183.764859 48.818441 1739.426736
T2_0081.long.0081 529.972279 377.928880 248.068858 48.984545 46.544567 26.613591 26.222683 157.731694 41.623819 1503.690917 539.212417 384.723433 281.837373 49.554139 49.759227 25.185011 29.952556 162.021030 40.038025 1562.283211
T2_0193.long.0193 553.145456 380.047508 251.940833 46.232124 40.291012 27.203416 28.309005 162.630513 41.749009 1531.548875 563.343905 433.693488 285.366137 58.040328 52.767659 29.303036 38.620217 183.501075 42.032211 1686.668058
T2_0365.long.0365 504.141684 328.343919 204.121609 43.095256 37.142087 17.191020 21.756172 130.117469 36.723244 1322.632460 565.037793 391.949728 246.530165 48.830690 36.404530 19.773307 25.903894 142.788700 40.267820 1517.486627
T2_0366.long.0366 683.718173 444.843792 300.915293 47.649762 55.236995 30.618528 35.341972 182.959761 56.391731 1837.676008 715.787344 479.232554 322.778939 56.891364 53.599988 35.746731 38.203560 198.708702 51.317210 1952.266393
T2_0435.long.0435 505.214465 355.240489 220.507622 39.887438 41.775322 33.687655 26.156549 157.843596 43.542989 1423.856126 567.769109 384.676292 238.191697 46.398861 56.729130 32.156335 26.715374 157.836031 45.206423 1555.679252
T2_0454.long.0454 749.300625 526.503422 342.952337 62.930219 60.335252 28.699327 36.519066 202.975427 61.867007 2072.082682 734.515588 486.304594 302.653594 62.589277 53.678409 34.377965 34.959786 196.156807 58.392088 1963.628109
T2_0497.long.0497 614.653203 416.112736 259.189369 51.821313 48.184594 27.807218 28.204097 178.520335 47.345529 1671.838394 612.378190 409.761738 274.362637 53.453531 48.438089 28.868282 28.896417 187.283291 44.015555 1687.457730
T2_0643.long.0643 549.505813 404.771149 282.941624 46.813679 43.899163 23.851045 28.406138 177.175357 47.423100 1604.787067 615.680433 414.621186 270.347797 57.827816 50.212704 24.895973 28.766282 174.649781 46.986393 1683.988365
T2_0695.long.0695 665.018699 448.080439 282.907534 57.756078 57.888355 24.832295 28.221916 184.624456 52.681120 1802.010893 697.226944 448.627370 274.050898 68.725126 48.821141 34.879895 31.872545 185.513602 47.231674 1836.949194
T2_0708.long.0708 627.618660 456.855066 267.273684 63.228092 46.964652 25.155975 27.753472 202.503823 53.238144 1770.591567 608.684038 434.560042 262.681388 67.861006 54.294544 26.944374 28.899360 188.053834 44.860230 1716.838814
T2_0758.long.0758 623.979371 405.349852 250.839194 59.211413 55.401801 31.823208 26.492532 153.342306 48.144315 1654.583991 627.802368 382.660547 253.313056 48.607971 43.198257 25.649438 24.978644 155.005901 43.205279 1604.421460
T2_0789.long.0789 643.461042 461.726070 296.702826 55.127022 54.651131 30.664804 33.933979 200.292865 51.600103 1828.159842 698.339837 480.486532 329.173578 57.742921 51.442686 24.044431 35.462967 201.891819 58.823682 1937.408451
T2_0790.long.0790 504.100979 362.148710 229.353934 45.695855 35.292211 23.169543 26.119098 157.024906 34.961074 1417.866309 526.483721 383.446094 241.536207 50.499369 41.920207 25.106409 26.879444 158.033399 40.995243 1494.900094
T2_0839.long.0839 613.869290 402.139597 286.019720 48.385896 42.311276 26.593484 28.342863 174.533320 41.343061 1663.538508 586.413625 405.763867 274.576554 45.189938 57.189958 29.964657 30.847911 174.604443 43.718198 1648.269150
T2_0875.long.0875 565.085018 395.413512 281.286650 48.373977 47.950505 25.996000 36.299273 168.282338 40.367443 1609.054717 605.759657 416.422452 251.157194 50.177239 54.299169 29.378972 25.226956 169.197968 45.481100 1647.100708
T2_0939.long.0939 791.385489 507.117824 337.926012 69.432576 59.571318 23.822110 30.632115 190.614056 51.219741 2061.721239 716.716313 457.509643 323.153526 59.931453 58.899060 24.966904 31.406009 188.508787 47.072344 1908.164040
T2_1010.long.1010 753.866118 524.061931 347.339547 71.883411 61.446023 35.659381 34.138652 213.767868 52.234568 2094.397500 706.380280 507.966451 361.564112 68.878349 57.361075 28.420906 35.225086 219.012956 55.303425 2040.112640
T2_1016.long.1016 717.456113 513.953068 346.639317 61.809093 55.361386 28.237918 39.452917 202.846916 53.500129 2019.256856 667.907572 474.567686 328.310654 61.396426 52.847563 23.392742 30.193128 191.112978 52.380433 1882.109182
T2_1060.long.1060 660.076569 417.676262 272.434202 49.963759 38.387050 17.694252 26.413649 165.610296 49.121766 1697.377805 585.289963 441.978134 268.784751 49.451718 46.770923 12.984100 20.785710 170.127576 53.011328 1649.184202
T2_1062.long.1062 632.527287 385.301101 270.447634 50.737351 45.439313 25.492002 32.672843 160.242566 37.872558 1640.732656 607.936368 401.084997 269.465709 55.788475 39.263750 19.066788 25.947666 168.846336 38.588030 1625.988120
T2_1148.long.1148 504.718903 304.188692 190.099318 37.802054 38.572486 21.790031 22.961911 122.885029 33.659180 1276.677604 489.080075 295.973516 169.099855 32.780689 34.516964 18.023455 20.946883 116.018010 33.607121 1210.046568
T2_1159.long.1159 765.645749 518.429594 331.747832 64.707493 70.398543 28.737988 31.958167 209.527340 53.190304 2074.343010 702.390473 484.500446 297.572233 67.382345 63.063012 31.908079 32.097048 208.812161 49.639727 1937.365524
T2_1163.long.1163 673.949477 465.937012 286.841614 59.024963 57.583536 30.407078 33.216814 175.506133 50.301164 1832.767792 669.463559 440.435548 286.868794 55.129892 54.274388 25.676211 30.343084 166.283239 43.075623 1771.550338
T2_1238.long.1238 656.524196 448.069753 293.958523 51.466294 41.810049 22.728524 28.656255 178.395372 53.618103 1775.227070 706.032255 474.808119 306.145050 51.620391 52.982043 29.372226 33.661412 187.718955 51.293994 1893.634447
T2_1255.long.1255 710.363930 476.725148 306.221460 56.945126 51.747835 31.368076 29.250519 201.885308 49.616021 1914.123423 692.940849 497.337809 363.378652 58.084982 65.834007 33.824205 35.184864 186.006595 47.017041 1979.609003
T2_1306.long.1306 487.673977 347.408861 221.093530 39.862852 42.112556 27.180463 23.795000 159.309576 38.813548 1387.250363 544.043130 374.036042 227.188754 46.281081 52.321505 31.928912 25.663008 163.251466 40.901181 1505.615079
T2_1319.long.1319 547.030903 384.597292 267.371997 45.457965 52.436468 26.191033 30.526979 171.956182 41.106153 1566.674973 614.040441 446.357376 317.736299 57.771987 52.741102 27.359678 28.930591 175.142998 44.193653 1764.274126
T2_1331.long.1331 685.003478 496.772673 321.965823 59.731800 61.441459 19.325189 23.296848 194.303842 55.208648 1917.049759 698.693558 510.251301 318.607917 64.411045 65.357534 30.784155 31.024998 187.506640 57.432900 1964.070048
T2_1343.long.1343 608.158029 442.044175 306.091657 51.994857 52.295188 25.926463 30.390919 201.989750 47.407927 1766.298964 668.451824 472.747373 307.952593 53.182098 55.510109 34.405160 33.955411 201.273531 58.234480 1885.712578
T2_1361.long.1361 625.076111 449.783450 290.558638 52.368152 51.547504 28.341579 32.901067 179.374023 49.330863 1759.281387 649.185349 435.319417 272.141508 57.922312 58.700106 30.239553 29.834751 179.531060 47.497653 1760.371709
T2_1428.long.1428 854.259218 559.603665 293.624398 71.729304 45.623462 19.760598 21.307910 231.859914 65.390748 2163.159218 751.922782 600.865327 312.313077 68.205579 68.209209 17.691424 19.168669 188.448941 62.858578 2089.683585
T2_1430.long.1430 689.854693 449.427093 273.892895 58.865118 50.912966 26.140252 29.974543 172.702500 53.015148 1804.785208 736.801026 440.433209 276.403148 57.600630 47.792694 23.562566 34.495395 189.752626 50.716487 1857.557782
T2_1460.long.1460 771.019064 475.110148 317.094934 63.898648 72.653489 40.578423 38.026390 206.816363 51.389357 2036.586816 782.569553 495.116930 313.445665 58.676271 61.135878 31.056297 33.561130 202.818511 52.809990 2031.190225
T2_1482.long.1482 705.173857 399.560086 273.345798 41.402098 63.032797 21.968531 25.764185 166.948534 46.931821 1744.127707 706.513067 389.260830 251.750488 52.098019 49.790875 24.495896 29.909992 156.807580 44.896257 1705.523004
T2_1498.long.1498 653.055912 509.888954 298.417364 64.947421 59.334756 32.369209 27.618093 189.226165 56.389798 1891.247671 636.536394 485.377306 315.627117 66.050250 53.935724 28.323824 34.156521 190.228771 48.282926 1858.518834
T2_1513.long.1513 654.908455 460.169695 272.598993 52.003988 61.229605 27.922368 28.895458 182.531972 52.347855 1792.608391 672.012816 446.577308 243.216441 50.710511 42.545154 23.551147 24.539968 176.959121 53.902857 1734.015322
T2_1519.long.1519 708.911719 489.491365 306.959557 51.787966 53.380979 36.022244 32.087075 218.668167 60.598113 1957.907185 701.949376 469.789420 309.058291 50.767195 52.903727 31.038823 33.547015 218.358229 56.910566 1924.322642
T2_1619.long.1619 737.824885 469.147350 285.521947 55.563881 57.067245 31.272011 30.719300 164.302156 56.220646 1887.639420 683.419148 439.002064 303.149077 60.312106 60.778019 21.851950 29.349473 160.102883 51.389909 1809.354629
T2_1632.long.1632 609.320614 395.021696 203.857193 47.808140 41.133956 18.777717 16.724069 134.148606 45.877299 1512.669291 623.105521 391.456113 262.484081 48.655519 41.545353 20.165550 27.956424 160.263964 42.400322 1618.032845
T2_1716.long.1716 579.812954 443.586320 299.892187 55.395919 47.443397 22.055364 30.256389 187.906758 47.840144 1714.189432 614.323142 446.258557 299.846020 58.180425 60.647343 27.860488 32.554480 190.117883 48.061619 1777.849955
T2_1718.long.1718 571.745138 407.716538 263.019662 42.369550 46.623097 18.420635 22.759859 162.031744 47.127634 1581.813856 597.474670 396.813539 281.986750 48.946044 48.042325 17.646492 26.090831 156.037839 42.120906 1615.159394
T2_1750.long.1750 619.432758 416.978362 252.774537 54.342717 50.817974 37.199166 25.789808 166.935730 43.058542 1667.329592 608.422336 421.819860 268.348965 50.131668 53.524141 33.718421 31.369497 191.742575 45.766383 1704.843847
T2_1766.long.1766 628.282258 436.044976 295.015288 52.226832 59.413705 31.034502 31.423549 162.247158 44.959061 1740.647329 624.319875 402.273598 262.556543 49.688432 49.503315 20.778059 25.480263 161.334393 43.636901 1639.571380
T2_1775.long.1775 685.997139 436.112793 280.024026 61.629424 52.213070 29.783230 29.165376 190.451999 48.162957 1813.540014 694.101278 452.455215 279.801194 64.558369 53.847528 27.475543 32.613954 190.842025 50.206552 1845.901659
T2_1800.long.1800 679.970304 448.055219 293.414659 54.605776 53.263123 37.627022 33.516051 188.365351 49.148228 1837.965734 717.488294 447.954302 298.359853 59.465450 55.535563 32.885649 36.373413 196.214711 47.476795 1891.754031
T2_1803.long.1803 731.620739 526.147101 324.546614 64.070145 51.065613 27.770395 34.965172 227.435353 57.569300 2045.190433 780.152060 545.629640 352.688934 69.678779 64.226472 31.685362 34.472925 224.867933 57.409749 2160.811855
T2_1860.long.1860 660.621871 391.199907 251.577293 48.375796 49.697029 27.068259 31.306822 176.439641 42.469020 1678.755639 668.377168 433.844898 280.293613 48.781140 45.880552 24.291563 31.499185 180.487699 46.238495 1759.694311
T2_1887.long.1887 707.655662 460.590563 301.547190 61.652067 59.210244 33.740902 33.649938 190.000379 53.716323 1901.763267 668.978431 455.614545 304.157272 57.088605 64.327000 30.065691 32.918244 184.734993 48.137235 1846.022017
T2_1888.long.1888 646.049253 414.907953 252.558448 51.643714 51.417147 32.301986 31.610296 187.052059 49.952702 1717.493558 680.025277 478.025147 296.279636 59.274840 53.986778 26.474568 30.170251 204.993779 54.566072 1883.796348
T2_1904.long.1904 668.381612 426.609483 262.364747 49.070085 47.659155 28.434354 27.193371 162.985166 50.250914 1722.948887 629.332020 422.221518 277.283856 60.186201 50.840144 28.174022 30.563558 184.669478 46.811867 1730.082665
T2_1909.long.1909 593.071392 406.785421 263.334092 56.089897 37.768878 13.994216 25.424546 169.044504 40.818159 1606.331106 584.100025 397.334194 249.696055 56.183146 35.124947 21.994050 27.087110 158.420187 44.998600 1574.938312
T2_1936.long.1936 529.104346 377.810003 198.166476 39.915783 51.149030 15.694681 15.158897 121.243750 44.348584 1392.591550 531.914663 401.991678 194.409658 45.558041 50.553857 13.102031 14.725021 122.313380 47.695418 1422.263745
T2_1959.long.1959 462.003499 358.184717 248.241073 47.748329 40.247203 24.015231 25.731717 151.358746 37.195006 1394.725521 487.330083 357.308150 231.014638 41.197496 40.882117 19.630550 22.317085 137.449306 37.524402 1374.653828
T2_1990.long.1990 640.946540 454.615570 340.495634 58.283374 62.565413 31.685622 33.223880 219.521553 49.074992 1890.412580 699.900515 490.791901 337.926038 60.413638 68.886011 31.976328 34.508419 223.680122 52.045647 2000.128619
T2_2010.long.2010 831.618958 577.996657 361.582080 73.242105 69.633869 38.648055 36.807114 244.828079 57.962841 2292.319758 872.484092 593.164680 362.232019 68.999387 71.982378 44.494739 39.993086 237.011715 59.058202 2349.420298
T2_2019.long.2019 744.581134 498.750940 308.494414 71.234479 57.625632 24.682489 31.834697 204.934295 53.195122 1995.333202 782.997910 502.115156 316.486022 62.534477 72.446399 33.768250 35.493812 189.567297 53.088984 2048.498307
T2_2025.long.2025 583.374073 378.321664 246.547927 47.438134 44.671155 20.119465 22.995559 145.869408 41.976601 1531.313985 539.104966 366.092731 243.062099 50.448646 42.823488 17.216182 23.326064 154.223876 37.836992 1474.135043
T2_2027.long.2027 569.477382 426.382164 275.452559 56.352221 39.677687 21.028486 25.866865 164.097155 43.046592 1621.381111 550.043913 392.628008 238.021105 58.200368 43.647118 21.220658 24.470094 149.112869 41.172604 1518.516738
T2_2028.long.2028 601.233476 381.378207 227.378320 44.660527 43.811817 23.197473 23.226915 144.940630 44.976795 1534.804161 666.720377 399.183455 210.419831 57.492886 45.597074 17.877571 20.410220 138.310521 48.128016 1604.139951
T2_2032.long.2032 764.277172 548.069498 340.735600 68.630940 59.952273 32.305663 32.898613 202.139565 54.098967 2103.108291 735.361820 513.634141 339.698950 65.154611 58.671920 35.024428 33.444005 189.734274 51.838414 2022.562563
T2_2037.long.2037 557.543763 378.182103 258.472539 47.272680 49.492852 20.874798 26.205201 149.980017 37.907378 1525.931330 533.120040 376.461158 250.777015 46.839125 44.394460 26.113138 30.171102 143.307638 39.843832 1491.027507
T2_2064.long.2064 705.809504 481.538606 306.367539 67.428955 59.615318 32.850442 30.275886 214.621770 52.687714 1951.195734 712.255451 510.346639 329.506555 65.329914 62.026873 28.245761 32.586983 235.279770 56.686339 2032.264287
T2_2099.long.2099 755.342131 451.618407 285.378160 54.885838 49.503203 24.614451 30.098080 184.405257 56.208136 1892.053663 759.532896 482.369690 290.600983 63.261678 50.352577 29.787305 31.470804 190.252494 59.446373 1957.074801
T2_2105.long.2105 636.845351 428.631019 284.799140 66.077292 53.278114 27.297622 30.635241 196.232839 47.549618 1771.346237 627.434062 432.194483 285.727177 64.081637 46.512513 24.380348 28.658358 196.716007 47.588664 1753.293248
T2_2108.long.2108 498.052318 324.657131 210.905116 41.427248 35.799673 18.713739 21.687408 139.918799 37.632773 1328.794206 547.133859 344.822405 217.901093 45.423677 38.907677 21.774303 23.705288 147.561464 38.401331 1425.631096
T2_2113.long.2113 651.616433 415.756589 248.872774 50.631486 41.071588 21.054177 27.483359 183.614819 46.827912 1686.929137 593.165507 394.276444 237.176762 45.606442 41.729135 20.547609 24.520653 168.611354 44.878214 1570.512120
T2_2124.long.2124 645.914474 417.510862 263.812433 44.974237 57.299218 31.919247 29.303992 172.405703 46.593302 1709.733468 667.241536 429.093643 247.606307 48.275501 54.056365 26.465432 26.533337 168.558468 47.314942 1715.145530
T2_2155.long.2155 588.735262 423.970865 252.555827 53.381564 47.162758 20.063638 25.166760 162.141954 46.605376 1619.784004 574.703328 414.160817 252.943349 58.080629 46.307303 19.496475 24.660991 163.335969 45.672559 1599.361421
T2_2167.long.2167 636.009271 464.941840 236.614882 51.778923 46.522726 25.619154 22.706752 170.744552 59.742918 1714.681017 667.496532 447.175140 268.373204 63.453577 56.388537 31.692811 29.436608 176.095874 51.409406 1791.521688
T2_2169.long.2169 604.945268 414.901983 278.931286 47.206093 46.553281 20.651105 26.917675 156.598675 42.914636 1639.620003 563.191607 375.510063 262.308574 45.712244 42.694890 23.579600 27.711592 157.160813 38.734545 1536.603929
T2_2196.long.2196 676.041916 427.801471 267.332422 49.935243 50.790539 26.333423 28.318552 187.173668 51.840441 1765.567675 630.908737 421.195881 273.987171 51.691112 51.838153 31.553516 28.100590 185.362565 47.476006 1722.113731
T2_2228.long.2228 613.679238 392.830771 253.484448 52.743334 47.555904 31.754029 27.777510 185.995026 45.819411 1651.639671 692.744254 429.521189 277.033514 57.010658 48.804339 28.276616 34.546845 181.388033 48.102549 1797.427996
T2_2236.long.2236 690.738964 433.449725 283.724490 56.881098 59.272245 19.316908 27.426381 192.437240 47.146331 1810.393382 710.359795 456.618013 249.388111 46.843905 57.100652 19.184898 23.183786 173.409463 53.606837 1789.695459
T2_2288.long.2288 750.433188 521.592234 348.910179 78.784076 60.326571 29.920459 38.206212 209.401376 55.917455 2093.491749 688.883703 512.051162 337.974750 74.709608 53.142148 25.370216 35.486967 200.908971 50.523879 1979.051405
T2_2326.long.2326 582.836149 366.221137 231.154495 45.450217 40.811046 19.890262 25.097667 161.269372 39.085487 1511.815831 592.029324 375.631465 237.067554 45.935554 45.314981 21.880786 25.735414 159.243873 38.175873 1541.014823
T2_2392.long.2392 580.381587 363.247553 232.494723 55.144951 41.288741 25.029660 26.957580 150.428225 40.759525 1515.732544 611.945696 384.579755 246.950165 62.645217 42.441059 22.478559 24.204773 149.785560 43.050751 1588.081534
T2_2405.long.2405 674.427982 459.979664 301.628490 64.722082 51.442761 24.185151 30.078321 185.175317 51.780298 1843.420066 645.478153 448.122021 286.515897 60.938566 47.679701 23.468554 29.008679 201.870892 47.013270 1790.095732
T2_2417.long.2417 623.168838 420.520638 264.032779 60.837251 42.056558 17.408248 27.322298 185.687579 46.135786 1687.169975 576.127286 351.221570 216.525869 47.391986 39.729304 19.264330 21.912272 146.493699 36.293917 1454.960234
T2_2423.long.2423 857.047183 513.444388 318.905700 69.168811 52.291832 25.968715 30.640422 212.847481 55.134971 2135.449503 772.615374 490.415835 328.679748 64.163969 53.179108 27.040746 30.550194 206.603099 52.467436 2025.715509
T2_2468.long.2468 586.152930 407.656358 231.912015 55.039612 55.492666 21.318204 21.236594 149.803788 45.465457 1574.077624 533.935850 382.340267 260.553223 41.755226 42.567559 19.793947 24.032720 165.972295 40.754712 1511.705798
T2_2512.long.2512 634.489771 450.963434 299.066458 55.266631 50.438952 24.757166 32.322404 179.925685 45.307512 1772.538013 649.383347 492.613335 328.982424 60.543566 54.409378 27.830244 34.100937 196.826647 49.183473 1893.873352
T2_2530.long.2530 519.928524 365.029617 295.154895 40.030890 61.727095 28.482236 33.747070 168.271254 42.113737 1554.485318 509.139008 363.924754 261.257670 45.729457 64.137089 40.027144 31.210533 173.944572 41.352453 1530.722681
T2_2544.long.2544 536.611932 411.728484 230.878538 46.275260 42.694464 14.564452 17.481613 144.655725 42.960702 1487.851170 558.029123 388.197358 238.645494 47.280342 48.929732 25.314561 28.265778 164.878728 46.524779 1546.065896
T2_2590.long.2590 709.350647 492.915663 308.030797 62.527794 54.189837 31.210439 32.283011 202.779904 55.674953 1948.963046 737.285830 534.411094 335.514943 57.556217 52.945000 33.548541 37.122341 202.327396 61.096297 2051.807658
T2_2608.long.2608 589.622441 399.141046 244.697563 58.279943 46.949857 21.727348 23.723808 169.034548 40.959195 1594.135749 651.582431 427.673177 287.624486 54.627753 43.182116 24.261899 31.860739 175.624382 40.529600 1736.966582
T2_2645.long.2645 632.844399 414.255914 244.333610 47.308575 50.693130 26.466271 25.737822 168.795592 49.147661 1659.582974 636.059111 418.913837 261.834589 48.395359 53.818623 26.374992 30.051964 166.550323 47.098214 1689.097013
T2_2646.long.2646 516.430983 369.582254 231.562701 44.896765 34.794590 18.613777 23.128722 141.886584 41.010541 1421.906918 528.196901 366.195393 236.300621 44.176244 33.500958 17.644105 24.087482 142.049156 40.838288 1432.989147
T2_2701.long.2701 564.273006 418.324419 279.520058 49.617937 51.728446 25.108315 29.151932 157.590694 41.460295 1616.775102 575.527254 437.959891 305.375960 50.052559 57.721937 31.121114 33.920016 171.916729 42.507946 1706.103406
T2_2714.long.2714 583.567093 465.287553 290.409549 50.945572 55.198917 24.718256 25.007832 184.079901 52.765257 1731.979932 609.270246 446.476187 294.729962 49.687516 46.449075 21.646732 23.903221 171.400111 49.205260 1712.768310
T2_2772.long.2772 600.466504 397.083081 261.828391 55.177608 49.778603 22.608516 28.039005 165.398116 42.725656 1623.105481 540.152188 317.963481 203.683695 35.969878 38.528675 27.204402 19.992929 142.347800 37.228560 1363.071607
T2_2795.long.2795 602.321508 424.760423 260.128649 50.618274 46.747389 24.956266 27.836731 179.820550 47.335269 1664.525058 622.595784 433.973354 274.887354 51.034929 36.247330 24.519466 30.296260 169.812551 42.661793 1686.028820
T2_2823.long.2823 561.258131 360.129152 238.083914 46.053563 36.311633 16.119740 23.537637 148.300498 37.803160 1467.597427 513.128242 343.535218 209.737746 48.515974 37.995669 16.067549 20.961682 145.814118 37.496906 1373.253102
T2_2828.long.2828 699.836751 493.814818 234.972736 53.373185 25.671324 11.958412 12.211879 210.297887 64.078561 1806.215552 613.858818 391.644070 228.449783 52.465268 48.118451 18.037928 23.150443 144.230911 43.137841 1563.093514
T2_2846.long.2846 547.813402 391.381795 253.802821 53.455773 50.193821 24.768930 27.598559 173.018474 43.955107 1565.988682 608.106661 438.460809 306.049839 53.293872 49.204423 27.149661 34.470533 196.064556 47.453167 1760.253523
T2_3025.long.3025 758.695574 547.077776 373.377089 70.982436 67.329163 27.807364 37.657233 236.545577 54.382835 2173.855048 722.576584 489.089119 354.983443 64.375246 57.126726 27.558620 37.056918 222.719896 55.186339 2030.672892
T2_3029.long.3029 733.869394 479.509042 297.827258 61.208026 54.869949 29.434171 32.640384 190.173741 51.297215 1930.829179 670.036734 468.684426 330.323366 60.981824 59.267512 28.674886 38.703137 195.922634 49.496709 1902.091229
T2_3056.long.3056 518.171684 397.742131 264.711608 51.595504 46.922122 18.717726 26.099203 177.970306 39.787971 1541.718255 548.161851 374.627033 225.630894 59.889736 39.932952 16.012400 23.546419 147.317988 39.153111 1474.272385
T2_3121.long.3121 639.564467 409.887698 257.813775 61.333712 46.371293 26.968843 31.403476 181.631230 44.900335 1699.874831 632.669266 397.526605 259.723419 57.967538 48.011743 25.801854 27.926672 180.207376 42.020705 1671.855177
T2_3128.long.3128 828.776203 548.169383 390.837118 80.660490 73.389120 41.176025 49.451555 252.151789 62.928195 2327.539877 775.612942 498.626335 356.413418 68.937628 65.338276 29.076152 38.884483 221.451404 50.563452 2104.904091
T2_3135.long.3135 615.024885 426.125660 297.973532 60.063984 52.346733 27.248238 30.839696 172.475703 43.123840 1725.222271 609.490168 446.570088 308.649837 54.014334 51.602703 28.616569 32.516054 185.769658 44.798025 1762.027436
T2_3143.long.3143 606.843450 420.678826 284.936809 54.116452 39.552297 18.157930 30.010265 185.617598 43.887696 1683.801323 613.701268 429.633324 288.694999 52.630645 44.056518 24.088417 26.797520 179.359487 44.604677 1703.566855
T2_3146.long.3146 642.144025 409.643549 287.718447 61.194923 45.334077 28.054727 28.059141 168.757845 44.168024 1715.074758 612.810699 449.167736 291.421980 63.530879 46.273142 29.741750 32.902503 181.662335 45.451696 1752.962721
T2_3259.long.3259 535.463228 345.927719 225.100715 39.595400 44.279483 17.810669 25.396042 137.350429 36.700746 1407.624431 659.517362 456.260525 301.507106 55.677876 41.912349 17.170591 31.061279 167.964809 46.158157 1777.230053
T2_3299.long.3299 615.946157 413.765490 267.098090 43.244873 43.331020 24.888007 32.610858 160.629257 41.521478 1643.035230 585.473240 405.601995 236.122818 52.120989 48.561265 33.800135 24.081183 163.092206 45.752676 1594.606508
T2_3315.long.3315 571.311302 451.699163 313.429845 58.916171 52.247270 26.457738 31.905240 188.185212 44.889902 1739.041842 621.344591 425.134517 291.859397 54.957604 47.890327 23.488882 30.580364 175.985024 43.195451 1714.436157
T2_3319.long.3319 742.959926 532.142851 324.766331 71.193090 55.958090 28.769696 35.220610 203.298243 57.629983 2051.938821 711.191749 519.318023 332.089729 83.964425 57.372840 25.716383 33.848099 204.417809 51.963166 2019.882224
T2_3533.long.3533 505.725676 333.721845 218.872586 41.457767 43.722116 30.540247 24.762453 150.178385 36.727860 1385.708934 526.069062 367.847674 240.333373 44.267150 43.007809 29.349097 29.159269 169.543812 40.723008 1490.300254
T2_3541.long.3541 764.632744 525.753848 369.203915 64.514635 66.928951 32.389557 36.579040 221.863129 52.813127 2134.678946 831.258359 550.260866 370.225461 74.272957 65.642340 37.922774 38.997472 235.968438 58.619300 2263.167967
T2_3586.long.3586 689.231378 427.929578 276.313077 58.871812 44.085787 24.993572 29.871312 186.026899 46.669564 1783.992979 689.467274 433.395323 294.468333 64.089949 49.708640 24.426218 35.921065 190.382747 43.467716 1825.327266
T2_3610.long.3610 750.663076 530.983593 355.912490 69.833217 58.911643 26.352145 35.010784 230.484892 54.652215 2112.804054 884.019204 562.134723 347.956338 78.150280 64.056019 28.782810 37.171535 233.532952 60.093371 2295.897231
T2_3612.long.3612 694.338478 431.203438 295.713615 54.757645 50.419632 28.745897 31.312562 185.478163 45.755610 1817.725041 673.960190 407.763104 269.883784 46.248975 53.150019 33.486099 31.886347 180.245912 45.782211 1742.406641
T2_3625.long.3625 647.956379 452.812790 295.894690 55.948263 59.229345 28.866811 33.213937 185.584932 51.254450 1810.761599 688.060685 445.663784 285.526432 57.967993 65.633430 33.288477 34.103082 176.578661 50.428654 1837.251198
T2_3646.long.3646 660.245959 446.682844 277.686593 52.801153 69.190667 42.028683 37.238122 166.664488 50.714377 1803.252886 628.807674 457.956638 327.134659 63.909884 51.153948 33.281705 35.821501 178.003602 46.160607 1822.230218
T2_3659.long.3659 687.566252 463.583619 312.504059 53.993817 58.276248 28.072757 32.279368 193.717742 46.996770 1876.990632 688.255991 458.173384 326.444710 57.811223 51.008307 21.901220 33.545568 187.797147 44.563916 1869.501465
T3_0005.long.0005 670.838938 421.528009 290.696692 50.061095 45.589587 26.145612 28.396612 172.712649 47.899598 1753.868792 678.011351 452.561844 297.743338 48.740303 50.960806 25.676327 29.078005 177.848656 49.763326 1810.383956
T3_0034.long.0034 654.582196 414.311272 227.889283 53.167597 48.805667 22.971440 21.766938 165.096342 50.665234 1659.255968 662.234043 407.574072 256.391597 51.560453 40.854500 18.662695 27.812233 189.037702 44.140842 1698.268137
T3_0081.long.0081 542.471079 375.232435 241.164783 46.184861 51.460582 26.481870 24.331586 154.483190 41.493714 1503.304100 533.717353 364.166791 267.466574 46.564092 46.289928 22.769274 28.349919 152.721795 38.608040 1500.653765
T3_0365.long.0365 509.247330 319.168796 203.332520 41.054865 36.749262 18.210605 22.057007 125.291337 36.162195 1311.273917 572.083311 382.897151 247.140078 47.123285 39.068710 18.137109 25.968500 142.092831 39.584899 1514.095873
T3_0366.long.0366 720.121678 454.722580 301.248664 49.442168 56.499484 33.335144 36.403679 186.067252 57.779171 1895.619821 731.257872 471.100465 323.745617 55.516604 57.657305 33.003279 37.721894 199.884544 52.074414 1961.961994
T3_0435.long.0435 527.117821 363.416906 226.832675 38.192806 43.206542 35.610678 26.216579 162.154569 44.122212 1466.870788 565.924207 394.963405 238.623581 45.632284 57.667239 32.562591 26.623528 161.249237 46.170384 1569.416455
T3_0454.long.0454 726.406130 503.387443 323.461349 64.986533 54.979937 26.975920 34.642751 196.848830 60.108603 1991.797496 727.370144 491.804148 304.250672 62.188327 49.310930 31.901908 36.205700 194.923258 59.604434 1957.559521
T3_0643.long.0643 568.942405 418.128814 286.695359 48.293377 49.837773 27.252817 30.910505 180.601103 49.048443 1659.710597 611.751349 428.110153 272.768057 56.251096 53.846207 26.733452 29.998740 174.181541 49.984545 1703.625140
T3_0695.long.0695 652.768960 423.268373 264.872849 59.340815 50.264611 25.201790 28.326951 179.170873 49.898852 1733.114074 691.330699 458.548040 286.152777 75.283288 53.506372 37.944158 33.890976 194.223571 47.891044 1878.770924
T3_0758.long.0758 623.883801 415.169522 240.931766 55.619677 49.324493 23.119347 23.574942 155.608675 47.904310 1635.136532 630.985678 395.292219 249.539911 48.933960 42.890456 23.205050 27.528067 152.427251 42.928257 1613.730847
T3_0790.long.0790 509.639998 355.299690 227.631995 46.242490 32.521254 22.157078 25.494096 155.035577 34.003896 1408.026075 534.538515 387.141171 248.294565 49.410174 44.387681 25.296135 24.395266 159.781272 40.620398 1513.865177
T3_0839.long.0839 611.740442 430.925592 311.965806 46.350925 53.228485 30.965630 33.972743 183.712270 44.589806 1747.451699 581.241596 422.500820 303.196939 46.102810 69.426755 30.236764 30.744672 183.855305 45.686609 1712.992270
T3_0875.long.0875 547.907241 394.043302 275.175619 46.914069 47.045613 26.790495 35.463449 165.666951 40.615936 1579.622675 607.012256 418.906823 259.165081 50.543125 52.792397 30.582123 25.299111 172.665955 46.246802 1663.213674
T3_0892.long.0892 613.871617 404.460469 273.621922 46.221278 47.931304 23.576023 28.507053 183.782943 42.470100 1664.442708 599.364795 336.790646 222.296769 56.181256 35.609603 20.023806 25.457273 156.531837 38.995330 1491.251315
T3_0939.long.0939 743.271093 484.580537 321.957482 56.771519 57.530816 21.400798 30.117766 184.946611 49.789693 1950.366315 732.522589 445.758880 318.903058 63.188043 56.185593 25.173663 32.380862 193.059592 46.708336 1913.880614
T3_1010.long.1010 723.715687 502.121279 339.834003 73.045613 55.177369 33.255535 34.840546 211.171307 49.881468 2023.042808 697.670176 506.324272 359.186862 64.924570 61.577219 28.584177 35.514114 215.911985 54.971696 2024.665071
T3_1016.long.1016 659.668888 470.523828 325.210552 53.313029 54.326018 28.584643 36.124505 197.018526 48.952235 1873.722223 667.992802 491.330164 323.614785 54.347990 48.404360 23.201761 31.135695 191.455849 52.681671 1884.165076
T3_1060.long.1060 663.542580 399.245510 301.985438 38.550795 54.296945 25.889812 29.645982 164.133242 48.405208 1725.695514 637.964282 474.008886 301.499331 55.388583 62.621946 17.846620 22.571366 174.901482 54.318988 1801.121486
T3_1062.long.1062 601.955940 383.137150 267.522997 46.841976 47.102710 29.329243 32.132910 163.509298 37.486802 1609.019026 607.099838 395.759713 273.194044 55.559307 46.207019 23.841473 25.203769 169.827643 38.855342 1635.548146
T3_1127.long.1127 727.375519 456.164248 255.484335 53.961654 54.629264 22.203465 25.556294 171.561015 54.490208 1821.426002 740.356226 511.791062 283.568704 57.637387 49.082983 25.833117 24.993753 172.164994 55.459119 1920.887345
T3_1148.long.1148 524.240443 312.979051 198.372841 40.974150 37.922854 21.319534 25.463718 131.387992 34.140389 1326.800971 475.442011 301.016707 163.331049 35.177703 30.327763 17.042158 18.948373 113.617252 35.630456 1190.533473
T3_1159.long.1159 717.143039 512.513656 322.916492 63.911308 61.051173 28.699410 31.270912 214.495867 52.131655 2004.133510 704.804643 472.620208 283.769618 69.780680 58.330553 34.871025 31.600342 204.752506 48.142990 1908.672566
T3_1163.long.1163 672.255619 453.797393 288.353704 58.638843 56.540590 29.354686 33.495132 176.667634 50.046934 1819.150534 686.483169 452.750825 296.923891 56.596369 55.180568 23.479238 31.309043 166.017925 45.053685 1813.794712
T3_1216.long.1216 573.235357 369.427044 255.966720 46.734352 59.333387 27.556968 28.950306 181.299931 43.845525 1586.349590 640.734750 429.462455 270.552092 53.813669 57.160256 30.705418 29.302354 181.439281 45.946024 1739.116299
T3_1238.long.1238 632.412410 436.291077 283.576498 46.821085 42.028129 17.511872 27.509596 171.678614 52.142960 1709.972239 700.791644 478.485383 303.429366 53.940295 52.820652 28.201139 30.168970 182.313193 51.137640 1881.288282
T3_1255.long.1255 707.297605 462.415322 305.201034 53.560185 54.470737 31.492630 28.033824 197.127117 48.480789 1888.079242 694.145195 505.168122 354.578008 54.148372 65.908721 35.863562 34.831504 188.996910 48.844283 1982.484677
T3_1306.long.1306 509.404640 353.008861 220.264380 40.439061 38.071015 25.011299 24.610305 159.917750 40.305597 1411.032909 574.869947 376.154782 216.595465 49.593827 44.387303 32.537826 23.723327 161.877147 41.833599 1521.573224
T3_1319.long.1319 563.646336 388.157263 265.695155 52.418875 48.001270 26.590403 31.620094 178.494703 42.981585 1597.605685 624.829931 447.514164 316.870041 59.667513 63.192044 26.169366 31.560665 174.187376 44.801072 1788.792172
T3_1331.long.1331 706.777550 505.613073 305.824267 65.273344 53.687761 21.350048 22.691607 200.098801 55.825626 1937.142079 704.130619 523.805294 320.815891 73.639204 64.081767 28.154051 29.214824 190.649726 58.368190 1992.859567
T3_1343.long.1343 619.185428 457.168562 307.748696 55.625937 50.585046 27.030709 33.241260 203.823683 50.140556 1804.549878 669.689957 453.235179 296.874294 59.345677 48.522494 31.853318 33.187061 205.239944 58.065922 1856.013846
T3_1428.long.1428 857.601491 569.274307 306.718547 68.845728 52.396085 21.420842 24.240796 232.379386 68.573611 2201.450794 745.803813 586.433535 307.429288 70.088436 60.216310 17.362576 19.425087 193.935702 61.814942 2062.509690
T3_1430.long.1430 662.613365 429.400111 266.529099 54.155662 46.214155 23.569718 28.612209 168.244331 51.493763 1730.832412 731.219411 429.093964 256.331002 58.361078 41.279736 21.019814 27.441771 180.832757 47.641915 1793.221447
T3_1460.long.1460 726.086525 494.132925 315.529851 58.044321 73.603521 38.049419 35.237554 206.929037 52.713221 2000.326375 766.579216 498.045871 314.071427 61.710673 61.561394 30.035732 32.989621 203.466341 53.009784 2021.470059
T3_1482.long.1482 707.309740 401.458539 270.895437 44.260691 57.110873 23.330770 26.451556 166.107187 47.830932 1744.755725 703.996425 392.701683 258.129934 51.227430 49.144722 26.082154 32.393760 159.470953 45.530720 1718.677780
T3_1498.long.1498 641.373553 498.967681 289.961837 63.092746 54.613373 28.902155 28.084812 185.954804 53.235698 1844.186657 669.459469 494.596844 311.784114 69.586463 55.036217 27.323922 33.400765 192.098704 48.192353 1901.478850
T3_1519.long.1519 696.454420 478.913012 304.496066 51.608039 53.875783 33.617010 33.269579 206.706028 58.278590 1917.218529 705.239307 463.033901 300.836703 53.033450 49.932081 30.009871 31.485851 211.516411 56.247133 1901.334709
T3_1619.long.1619 661.229752 436.905786 267.258844 49.822676 53.882780 21.180345 25.126690 156.399643 52.226274 1724.032791 641.415189 426.329222 292.366460 54.824069 57.759252 20.687140 27.196932 159.064529 50.039113 1729.681906
T3_1632.long.1632 613.351509 399.885952 200.690152 44.387828 38.704009 12.784751 16.298274 135.240871 48.349002 1509.692347 598.294853 368.741489 249.409709 48.839826 33.705305 18.225247 24.225212 150.939912 40.949620 1533.331172
T3_1716.long.1716 534.773929 441.006586 304.405032 49.557133 59.275183 24.252144 33.365922 185.846604 46.750094 1679.232627 602.531763 448.451127 303.555569 55.908808 62.949069 25.961038 32.378776 184.516418 45.536870 1761.789437
T3_1718.long.1718 574.774660 389.348558 261.580753 43.843944 47.226767 19.253019 24.113460 151.961668 44.690946 1556.793774 596.085742 404.134000 292.081935 46.170160 47.039797 19.545431 26.055861 156.935229 43.633661 1631.681817
T3_1750.long.1750 626.069556 410.959477 249.145503 56.637651 51.412860 34.999091 27.254428 165.470719 43.559600 1665.508886 613.034654 424.165469 266.955267 49.967553 46.877093 31.896646 30.245310 190.758397 46.143035 1700.043423
T3_1766.long.1766 619.717406 427.044698 281.717688 52.359165 49.360518 26.280989 30.712972 159.308324 42.891118 1689.392878 583.329268 373.577447 232.633932 52.929147 53.038079 23.025823 25.151457 155.820922 41.091898 1540.597972
T3_1800.long.1800 685.869011 454.729768 296.114261 54.108582 49.166314 31.406886 33.763947 183.237026 49.471390 1837.867185 684.725756 433.663488 284.509926 62.317761 48.984967 26.375011 29.955010 184.475885 44.702316 1799.710120
T3_1803.long.1803 695.655855 511.523053 325.441191 60.153764 56.692367 30.738259 36.191905 218.638703 56.873665 1991.908762 765.801301 524.315540 339.170026 65.296967 62.476080 33.010121 34.361124 213.581693 54.494866 2092.507718
T3_1887.long.1887 713.302042 459.108315 298.122831 69.127083 59.403379 35.769880 34.588880 190.693425 54.585567 1914.701402 658.188768 448.306156 299.757430 55.320020 68.222392 28.721242 32.118802 185.128126 47.584381 1823.347317
T3_1888.long.1888 641.951749 432.188050 262.083829 47.838964 55.557666 30.489194 31.888285 184.030630 51.263826 1737.292193 715.709135 504.217275 317.789272 63.459242 61.907379 30.398249 32.988822 216.621311 55.925234 1999.015919
T3_1904.long.1904 654.026615 423.505365 257.696983 50.823939 48.508786 24.806580 26.170643 164.098017 48.956541 1698.593469 634.731288 432.109647 279.501786 66.660526 48.967726 30.217279 32.097111 180.674111 46.232723 1751.192198
T3_1909.long.1909 567.361643 398.576844 269.735244 57.695650 37.492886 17.011821 26.122189 171.294028 40.397231 1585.687536 582.633715 386.088051 263.873864 63.633277 37.163292 22.993370 27.518345 175.624396 41.532449 1601.060759
T3_1936.long.1936 540.521486 383.824403 201.073134 42.297364 50.003480 14.812411 15.758676 120.303664 45.281557 1413.876173 574.434420 398.127930 198.484657 44.710887 50.555488 13.652052 14.756682 125.072520 48.294804 1468.089440
T3_1959.long.1959 467.078773 362.852071 250.500657 42.657233 40.398411 24.763411 24.406230 151.819343 37.717399 1402.193527 492.404425 350.924122 228.198685 38.852222 40.491547 17.876431 21.642701 134.349143 38.065899 1362.805175
T3_2010.long.2010 819.966431 553.165955 343.197618 72.531352 61.553531 28.757311 33.945400 237.549130 57.968040 2208.634771 838.093816 586.018939 363.823145 67.982922 74.405152 40.694150 40.328851 236.341419 59.222836 2306.911230
T3_2019.long.2019 749.659501 490.962275 301.839063 70.656692 61.127752 30.314868 32.464604 198.182178 52.687588 1987.894520 767.494487 499.155814 303.432076 63.468764 65.636396 30.341233 36.174058 188.263695 51.690077 2005.656601
T3_2025.long.2025 601.079855 395.620606 251.292799 50.835366 44.098025 23.439124 23.866424 152.759092 42.349513 1585.340803 539.806853 372.414398 247.022495 49.225841 40.858503 19.352320 23.393218 156.935009 37.810550 1486.819186
T3_2027.long.2027 562.133559 413.067018 277.821797 57.553081 43.242093 24.166397 25.565512 159.155084 41.905969 1604.610511 525.656300 389.698927 229.209718 60.236288 41.181689 16.074088 21.493497 145.712196 40.028933 1469.291636
T3_2028.long.2028 628.590086 370.089191 219.283764 43.220499 43.915026 19.830007 20.911748 141.628841 44.366584 1531.835746 646.822344 392.595156 216.822005 53.994028 48.919229 24.327111 20.196382 144.506974 46.945259 1595.128488
T3_2037.long.2037 594.260325 383.422419 249.910454 48.519551 47.707374 20.416651 26.492055 146.303514 39.131034 1556.163378 534.045640 377.874878 249.937634 49.286297 41.820056 26.005165 26.696587 145.510352 38.461442 1489.638052
T3_2064.long.2064 739.551834 482.310833 308.712521 69.632603 63.735631 34.266322 32.163982 216.511044 55.940721 2002.825493 718.121499 502.985234 317.242133 66.222178 61.711875 32.127173 33.030377 226.330432 56.308580 2014.079481
T3_2099.long.2099 773.877876 474.892059 293.426295 58.829237 48.932531 27.043339 30.764884 194.356324 57.896127 1960.018674 759.187415 496.136655 292.691765 64.867130 55.672214 30.251133 32.682495 191.903733 58.953974 1982.346516
T3_2105.long.2105 676.328879 447.451929 284.496657 63.076584 54.798272 29.062009 31.024807 192.676279 50.004150 1828.919568 655.221419 459.994554 303.476788 57.761837 45.772664 29.017544 30.154091 193.719099 48.255072 1823.373068
T3_2108.long.2108 517.532650 335.927044 216.227869 43.064257 36.438675 21.443627 22.314057 144.888194 37.654661 1375.491034 532.498559 339.835123 223.797681 43.276972 40.714082 19.902491 26.205112 151.336390 37.977388 1415.543797
T3_2124.long.2124 675.899043 444.095876 270.263753 46.034765 55.306152 31.501783 30.466205 177.565209 48.992386 1780.125173 656.727459 433.397522 251.302801 54.260078 56.722384 29.997799 27.677504 173.720851 48.145481 1731.951877
T3_2155.long.2155 598.885367 410.330097 247.620123 54.890249 43.777973 20.935236 24.127227 162.172033 44.688216 1607.426522 582.070689 423.067793 253.005341 60.946665 42.966105 20.267042 24.370388 165.991137 43.911768 1616.596928
T3_2167.long.2167 635.112491 450.918734 236.725390 55.032342 49.123049 32.734027 24.667193 170.568371 57.222045 1712.103643 682.003259 461.343538 284.813200 69.168906 59.325029 33.133620 29.684984 180.237291 51.752992 1851.462819
T3_2169.long.2169 589.709515 423.593822 289.033858 45.345370 52.633364 25.584061 29.370530 159.383996 42.272674 1656.927189 592.067623 391.419710 272.840341 50.566650 48.866120 27.516638 28.887751 166.421073 40.020032 1618.605939
T3_2196.long.2196 696.033591 450.221596 275.190535 53.144918 56.276825 26.222785 29.194950 194.685500 52.739791 1833.710491 645.106256 435.905425 286.238405 55.021871 53.959899 28.959604 27.509749 186.402727 47.780620 1766.884556
T3_2236.long.2236 731.155010 453.554673 310.678377 50.705023 62.898642 21.850748 31.128642 195.994059 47.687461 1905.652634 734.310377 472.497984 262.574419 48.004191 58.550960 21.864624 24.611201 173.802401 55.542012 1851.758168
T3_2288.long.2288 777.094016 550.669733 366.576556 77.441203 60.732465 31.358227 38.959727 210.385187 55.637478 2168.854592 693.604382 521.446014 352.488531 70.085106 53.830153 25.392112 37.444968 206.371770 51.253089 2011.916124
T3_2326.long.2326 592.517359 359.575117 231.626524 48.231835 43.148213 19.867864 25.600506 164.863104 38.355020 1523.785542 584.620463 383.472331 234.782838 49.530558 47.349147 24.416522 24.407014 164.118344 40.060517 1552.757733
T3_2392.long.2392 583.388417 363.687224 225.335947 58.122262 36.081219 19.385613 22.975926 148.318286 38.319027 1495.613921 601.600853 368.492228 234.488184 56.961429 38.726935 20.291983 25.141310 144.266286 39.765158 1529.734365
T3_2405.long.2405 666.483757 445.222341 292.112445 56.702763 49.563009 24.647648 29.447698 182.681206 49.492870 1796.353736 649.057485 463.856594 305.364759 60.297655 55.392925 26.450323 32.266215 205.602344 48.328058 1846.616357
T3_2417.long.2417 623.912530 418.263607 257.305351 59.572648 40.272064 19.131976 26.462087 192.380142 46.729231 1684.029636 592.231217 353.319888 219.240775 49.825706 37.875295 18.187910 20.877087 151.010177 38.079449 1480.647505
T3_2423.long.2423 782.325287 493.164940 315.865970 71.113589 54.003380 26.023464 32.769388 208.481061 54.580690 2038.327769 738.655724 492.463945 322.680861 66.869534 51.650502 22.869511 29.492318 198.018023 51.959242 1974.659661
T3_2468.long.2468 572.632324 417.482834 244.383579 51.389180 61.323025 23.429972 24.365477 149.743706 46.322152 1591.072250 567.196685 396.968644 263.163301 41.829518 43.537492 19.943542 27.781178 162.615348 42.610545 1565.646253
T3_2512.long.2512 642.741678 455.090032 305.277181 53.252514 52.925547 25.686521 32.097280 181.500569 45.872258 1794.443579 674.238313 494.922328 331.282065 55.417470 59.187771 27.263428 31.586123 198.505013 51.183051 1923.585562
T3_2520.long.2520 683.742599 378.701474 214.185441 46.252888 44.931458 20.373466 21.011969 147.022082 44.564404 1600.785781 602.696270 405.379746 230.589175 41.600140 42.516317 20.685054 19.204957 155.188067 49.811903 1567.671630
T3_2530.long.2530 496.458340 347.910809 280.087126 47.826999 59.709554 35.390084 35.628494 159.635855 41.433492 1504.080751 505.855071 342.769532 230.395978 40.937773 50.108051 29.073598 27.887402 157.980822 38.235085 1423.243312
T3_2544.long.2544 533.767246 402.875880 231.380093 46.572529 43.190730 14.073942 18.194625 142.061981 41.092715 1473.209740 536.460926 360.409445 221.861947 45.236060 44.547056 20.887632 25.899528 149.596104 42.583079 1447.481778
T3_2590.long.2590 720.501768 491.380488 307.796212 64.297191 52.160464 32.617348 30.732334 205.309480 56.301299 1961.096583 681.173551 503.973931 328.752656 55.295910 49.177373 29.474142 37.163682 199.538300 57.779027 1942.328572
T3_2608.long.2608 598.909860 409.472326 251.183859 60.119748 45.847186 24.499301 24.449292 177.410036 44.028364 1635.919973 629.284657 432.038980 281.110492 56.128481 40.327623 24.657533 28.642893 176.729498 42.133198 1711.053355
T3_2645.long.2645 613.463457 401.501367 241.089191 48.827601 55.033055 23.653359 23.953656 161.852453 48.163100 1617.537240 646.895501 416.532959 264.938413 46.487994 60.970486 29.043553 32.685568 163.988966 46.911423 1708.454862
T3_2646.long.2646 510.393606 365.649703 232.194915 41.500946 37.299658 17.764366 23.342687 139.645869 40.819971 1408.611722 529.378185 360.874512 228.462055 42.621432 35.795118 15.354002 22.986374 139.339128 40.382446 1415.193253
T3_2714.long.2714 540.168744 437.778141 279.947514 43.597826 51.725788 26.206655 25.463279 180.151827 48.569205 1633.608979 600.668752 447.594710 294.828012 51.670939 49.033728 21.121821 24.964224 169.537028 47.437228 1706.856441
T3_2772.long.2772 587.251929 393.000008 256.464093 54.552018 49.499032 22.350811 25.595468 161.020616 41.491959 1591.225934 538.032388 310.931653 202.894977 39.194243 40.749805 23.392000 21.233154 139.581392 36.158262 1352.167874
T3_2795.long.2795 622.699808 420.911928 250.538313 51.321933 45.167609 20.755532 25.648657 177.106505 48.033482 1662.183767 634.893865 438.475523 274.457944 54.151600 36.954736 23.162407 29.339805 174.207524 43.802331 1709.445734
T3_2823.long.2823 549.161649 353.525902 240.059498 45.220140 36.747011 18.314343 24.243979 150.496479 38.162617 1455.931618 511.473792 338.776611 206.578479 50.191551 32.297411 16.361914 20.268737 144.325567 37.190942 1357.465004
T3_2845.long.2845 566.379642 411.359342 282.923736 47.236991 45.926891 24.174988 29.149093 168.514205 43.695497 1619.360384 616.681446 435.335261 277.132861 56.249162 41.965604 22.102669 25.719194 178.785397 44.940865 1698.912459
T3_2846.long.2846 575.766347 407.661995 246.540972 54.183524 41.552232 23.423656 25.556698 175.515405 45.298943 1595.499772 602.965932 439.892855 298.720198 53.527599 45.612977 26.478579 32.101645 188.075809 46.036908 1733.412501
T3_2958.long.2958 559.509081 370.123579 255.427353 44.005171 36.624425 19.394348 22.090995 164.449244 40.039116 1511.663311 617.819570 402.594392 271.778797 51.177868 47.445767 20.848699 27.297888 181.535120 40.436562 1660.934663
T3_3025.long.3025 765.802648 545.715529 389.479932 65.239729 68.799007 31.189723 44.704035 250.369453 56.373431 2217.673486 701.476392 499.877610 355.166420 57.966133 51.166054 22.892086 33.695453 225.678372 55.652087 2003.570606
T3_3056.long.3056 492.734361 390.670273 255.007684 56.005921 48.073954 18.907265 24.464454 172.790073 39.929218 1498.583203 531.761182 365.413952 228.130961 57.454637 44.085505 18.982623 23.987656 145.781623 38.745453 1454.343593
T3_3128.long.3128 714.624167 444.632462 382.924233 71.457508 79.353729 48.325589 52.662405 238.869373 52.384368 2085.233833 748.393241 503.293530 352.040267 72.853411 57.605475 24.186252 35.785988 227.480227 47.563279 2069.201670
T3_3135.long.3135 607.434740 410.204933 278.554938 50.456544 47.209203 29.467221 32.836110 168.331803 43.288699 1667.784191 578.460531 426.964600 288.630118 49.658835 48.987095 24.116407 27.935451 179.406489 43.331105 1667.490632
T3_3143.long.3143 604.741515 409.575084 279.299173 49.955563 42.039453 23.859018 30.354057 177.192860 43.701571 1660.718296 608.027834 418.700193 278.765433 50.212607 45.230032 25.743751 26.859531 170.917475 42.970575 1667.427431
T3_3146.long.3146 642.875900 412.746795 286.373015 62.004903 46.795872 26.049019 29.335596 166.768445 42.640344 1715.589888 611.229081 465.854084 308.071055 61.554394 51.334413 28.606199 29.603099 184.157442 46.677292 1787.087060
T3_3259.long.3259 536.828979 352.232423 230.195059 40.286472 43.491944 20.207187 26.727190 142.199577 36.716918 1428.885748 654.823282 458.310229 299.151564 57.250863 44.382231 18.468143 31.693833 172.765966 45.212150 1782.058262
T3_3299.long.3299 603.655753 406.224989 267.704923 43.358466 43.697085 24.488088 33.108212 157.860838 39.354475 1619.452828 601.547510 409.851230 247.086129 51.846269 49.891115 30.007991 25.857915 170.005883 46.384711 1632.478753
T3_3408.long.3408 694.154270 484.383224 311.465850 59.837027 48.973895 25.926205 27.311107 188.970263 53.720659 1894.742499 666.749267 435.042396 288.145270 56.010111 59.159419 27.771115 29.325304 187.010526 47.843131 1797.056539
T3_3447.long.3447 686.900624 483.025814 287.777013 73.378628 46.509787 19.681895 28.426052 209.198336 52.109230 1887.007379 718.049694 467.055562 305.390711 68.889712 51.392387 17.447534 26.928362 195.048183 48.583248 1898.785393
T3_3533.long.3533 506.701006 336.075815 226.434593 45.431122 45.823869 25.207603 26.631492 152.229257 36.741682 1401.276438 514.071451 360.291778 221.456891 45.019924 39.642061 24.233382 26.347581 158.831886 40.723276 1430.618231
T3_3541.long.3541 789.967646 500.928086 350.858972 58.720979 58.622361 28.635972 34.382891 214.537593 50.788689 2087.443189 861.043879 557.462985 371.184778 80.791249 64.043764 35.738481 39.423045 235.194286 57.705837 2302.588305
T3_3586.long.3586 734.893017 458.254285 291.393848 56.165447 47.479701 23.081258 31.560702 187.393675 48.638660 1878.860594 695.509274 428.251984 274.999693 58.697109 40.951281 21.523637 27.498040 178.819905 43.682522 1769.933445
T3_3610.long.3610 750.507996 519.793860 351.085136 65.651947 55.825078 23.769979 33.157459 228.737025 52.908645 2081.437126 850.105208 557.548770 348.108584 77.150008 67.278446 29.670344 36.085095 226.164739 59.001011 2251.112205
T3_3612.long.3612 687.275846 459.539696 300.643141 56.235220 48.705255 28.530907 31.438806 194.313077 46.869590 1853.551537 685.960861 422.145412 267.825977 58.299359 49.523212 34.105114 31.731379 185.320403 47.106479 1782.018196
T3_3625.long.3625 629.381069 454.660368 291.364067 58.856471 60.057053 30.863398 34.029250 193.401319 51.823365 1804.436361 691.724396 440.733060 283.132639 58.290883 52.836233 35.664294 35.898518 180.099767 50.123061 1828.502852
T3_3646.long.3646 646.578218 440.296989 264.497411 51.239553 56.891204 40.810319 32.905072 165.138722 51.938233 1750.295722 658.040477 474.963832 330.821435 64.535567 53.547451 34.354162 35.998464 186.551531 49.120073 1887.932991
T3_3659.long.3659 717.662291 466.765638 310.376840 54.655714 56.379517 26.995491 32.082537 189.612455 47.439458 1901.969940 704.299613 451.830451 310.596241 51.376012 47.436739 19.494034 29.986665 183.134216 46.146178 1844.300148
