Measure:volume	Hippocampal_tail	subiculum-body	CA1-body	subiculum-head	hippocampal-fissure	presubiculum-head	CA1-head	presubiculum-body	parasubiculum	molecular_layer_HP-head	molecular_layer_HP-body	GC-ML-DG-head	CA3-body	GC-ML-DG-body	CA4-head	CA4-body	fimbria	CA3-head	HATA	Whole_hippocampal_body	Whole_hippocampal_head	Whole_hippocampus
T1_0005	662.668793	263.640657	122.434886	187.611552	117.740758	138.007998	508.557953	186.667704	70.940316	328.555327	239.393476	161.743553	84.21439	131.853333	134.388622	113.68864	94.160421	126.326273	66.778349	1236.053506	1722.909945	3621.632243
T1_0034	535.904007	259.367712	96.161284	205.506677	117.236904	137.772937	475.816319	182.16381	80.620027	314.741247	210.654441	131.462507	72.382542	130.692435	112.002479	116.854498	77.798056	96.905432	48.269262	1146.074779	1603.096886	3285.075672
T1_0081	541.344856	249.817323	115.618895	181.631748	116.850181	125.512136	477.896597	181.892768	54.403671	307.660843	221.160303	137.196061	77.162954	133.90066	114.561769	120.142644	87.179602	101.103241	53.579462	1186.875148	1553.545529	3281.765533
T1_0193	622.220142	225.505416	127.34395	196.318499	163.145793	145.311064	487.00098	178.753268	57.825035	315.848813	232.141498	139.049931	90.542776	145.037524	115.792914	128.413726	70.972336	113.665795	60.373495	1198.710494	1631.186525	3452.117161
T1_0216	476.013323	243.6439	110.521067	210.463746	150.869091	156.886534	521.997088	178.045144	81.89515	337.475736	207.997818	159.338718	81.712902	127.397555	129.922041	109.996486	87.38832	120.285595	62.839658	1146.703192	1781.104265	3403.820781
T1_0365	572.124347	219.851921	113.247002	147.466088	140.705877	117.408248	380.782366	160.213635	64.608621	259.104703	203.301054	129.201121	86.075629	116.754218	110.9871	109.022766	55.668289	107.288958	44.999763	1064.134515	1361.846967	2998.10583
T1_0366	693.021713	307.835268	119.234167	226.996072	148.099749	171.506468	564.592885	224.385754	79.060335	374.96921	246.785031	171.287997	81.788327	151.163376	142.761573	130.931055	96.359056	138.34844	59.852218	1358.482034	1929.375198	3980.878945
T1_0435	585.057813	281.488068	98.14418	171.265313	145.952135	139.096208	459.417453	188.179128	81.320206	299.637906	211.983494	129.141284	65.377473	126.813416	110.558701	115.592547	65.52975	101.736993	55.664576	1153.108056	1547.838639	3286.004508
T1_0454	695.889432	331.778444	137.638933	249.80736	137.934123	171.83264	670.598285	214.359642	89.089179	424.491815	284.510959	203.203172	105.887566	163.282799	165.984657	149.38992	112.01022	148.747323	76.341104	1498.858482	2200.095534	4394.843448
T1_0497	529.058045	254.776555	94.966127	194.990864	124.623463	134.833644	507.221525	187.331714	63.065755	318.887989	210.386134	148.657534	68.446476	127.915828	121.04816	113.4691	88.515036	107.606339	70.383998	1145.80697	1666.695807	3341.560823
T1_0643	621.992437	262.151091	150.019799	198.573097	165.388949	133.707065	564.743417	142.523657	61.590201	349.684259	260.265651	163.075247	118.76234	143.213931	135.387953	128.185596	98.177707	131.973133	65.947316	1303.299772	1804.681688	3729.973896
T1_0678	582.109624	260.531132	133.580684	196.361667	135.299535	149.074697	604.292944	200.860027	90.824652	373.832861	261.476402	178.189419	99.513743	152.797465	147.267701	137.187256	93.428252	149.774556	70.739594	1339.374961	1960.358092	3881.842677
T1_0682	540.041482	275.727936	104.085811	158.217471	115.978859	132.523511	489.915416	214.56818	76.821864	306.280522	226.85569	142.396711	61.701449	145.385525	117.460718	127.31371	80.063622	119.87564	56.607425	1235.701924	1600.099279	3375.842685
T1_0687	658.919754	291.677745	114.95515	235.755226	144.853839	184.383798	594.921215	207.786036	97.17207	385.139025	247.493471	171.957535	80.227512	149.638625	140.992936	128.398705	110.651003	127.491637	75.131642	1330.828247	2012.945083	4002.693084
T1_0695	550.388856	234.634344	129.624331	203.399444	132.081758	145.660395	532.751501	151.978751	79.139714	335.872463	238.514535	159.257348	100.184608	141.340987	131.207242	122.114963	109.747121	115.953498	54.632771	1228.13964	1757.874378	3536.402874
T1_0708	668.931363	255.006606	117.786743	245.790184	125.284837	158.068356	541.998725	221.64141	81.680052	357.341625	247.990387	150.113161	86.371984	138.503751	119.851119	121.323939	81.135333	100.258669	55.371497	1269.760154	1810.47339	3749.164906
T1_0727	497.740326	203.542115	96.183743	159.821661	150.703453	127.076036	493.07414	143.704719	53.883517	317.855806	195.110886	161.88936	78.753099	120.571798	132.692379	108.150633	76.379883	125.208089	50.999335	1022.396875	1622.500322	3142.637524
T1_0758	485.595903	221.584517	123.593767	187.262559	152.341502	141.825454	475.524104	147.01035	68.67847	316.121352	217.127317	146.538776	100.306093	130.941087	124.594574	115.415507	53.183765	120.821466	48.445861	1109.162402	1629.812616	3224.570921
T1_0789	584.952378	262.279122	142.51391	213.567278	168.383485	151.516478	624.748888	157.283224	65.661344	392.36111	257.346057	196.170418	121.176265	150.978499	166.324525	135.014832	84.898967	167.355812	68.705629	1311.490875	2046.411482	3942.854735
T1_0790	528.665045	235.09736	141.520666	166.264624	118.069334	122.754995	434.761261	136.389185	57.744157	290.638046	232.730533	141.990671	89.192014	122.81524	117.429504	110.524738	59.401013	113.648061	51.765064	1127.670749	1496.996383	3153.332178
T1_0839	428.616735	215.511898	112.124407	150.653101	146.241574	123.308163	465.86054	147.803851	55.767933	290.668252	203.707433	142.453912	74.526994	117.874437	114.614637	103.598708	89.874666	106.629234	57.956005	1065.022395	1507.91178	3001.550909
T1_0862	657.741059	323.502138	149.782936	228.589279	164.275037	152.90733	561.968204	208.497094	62.308338	368.361486	275.366448	174.032187	92.063778	154.155901	145.803772	137.742206	70.407171	122.320554	56.551706	1411.517672	1872.842856	3942.101587
T1_0875	653.335491	223.756741	137.437601	170.327568	117.411429	128.022903	484.54703	188.337285	67.70933	313.043329	241.078841	149.159208	94.010113	152.542277	124.800301	137.177247	67.153167	115.613271	49.595364	1241.493273	1602.818303	3497.647067
T1_0892	693.200278	224.879026	131.041138	158.351565	169.377616	131.569943	476.753776	143.176888	74.49045	306.201515	228.211361	153.60076	99.363568	143.213586	126.73755	128.105831	91.357729	131.963247	64.717968	1189.349127	1624.386774	3506.936179
T1_0939	543.074853	258.959292	134.510941	205.351852	180.705367	152.186238	561.907884	185.833713	65.903801	355.46729	252.724002	169.196564	103.193946	143.358929	138.11665	126.916853	78.166804	130.873026	65.869886	1283.66448	1844.873192	3671.612524
T1_1010	581.787336	267.688698	134.600066	204.090056	193.756386	148.18064	636.897344	165.677649	69.771673	391.805241	245.256928	196.589238	99.457611	135.594193	159.326488	121.057822	99.6116	161.922134	75.053227	1268.944567	2043.636041	3894.367943
T1_1016	555.236553	279.071873	113.938295	203.0906	158.682173	157.657078	553.493546	197.748007	76.538905	348.086763	231.388731	158.782837	73.925055	135.956503	131.378098	114.134313	92.929954	124.575944	61.463254	1239.092732	1815.067024	3609.396308
T1_1038	621.320041	281.298031	101.281931	226.398677	151.253051	152.398799	589.443478	224.475275	88.442717	370.530782	236.136987	167.899056	69.184543	136.91543	133.296685	115.536444	94.277482	131.333843	85.015518	1259.106124	1944.759555	3825.185719
T1_1060	512.574269	255.092296	112.725911	209.217207	151.59932	145.128928	478.048389	177.667213	71.513429	322.934399	221.043982	134.960446	82.047734	123.521299	110.954353	109.154337	71.898674	99.464665	47.381076	1153.151446	1619.602892	3285.328608
T1_1062	598.853854	210.082529	133.353615	178.398582	148.428196	146.574245	511.712478	167.76573	61.657523	335.460218	232.428675	161.149953	88.906227	140.00107	134.427064	121.978152	92.615141	127.469295	49.038637	1187.131138	1705.887995	3491.872987
T1_1127	497.182799	277.503678	93.633233	195.355226	122.904939	147.459815	550.972027	196.495831	68.784205	358.07881	230.712127	180.075063	88.449614	157.462796	150.470873	140.659035	96.723771	146.839944	68.530359	1281.640085	1866.566321	3645.389205
T1_1148	483.678849	204.308052	129.438892	135.324171	133.964681	108.955118	433.202662	116.91814	66.246125	276.611951	206.489106	140.866094	87.621176	107.596784	120.260792	102.518473	9.608959	128.836878	53.2278	964.499583	1463.53159	2911.710022
T1_1159	611.565023	278.978761	137.55517	212.461418	171.909317	156.110686	594.050537	173.733144	67.17416	372.298556	250.888489	169.559848	102.207824	151.621685	142.962238	132.0656	92.203381	133.062352	63.76839	1319.254054	1911.448186	3842.267263
T1_1163	622.755536	250.169067	113.900203	198.11036	130.515337	171.912153	559.608698	234.950444	95.147429	354.032061	239.31177	152.231451	78.719074	149.235776	129.185363	130.355872	91.229901	112.213158	62.88085	1287.872107	1835.321522	3745.949165
T1_1216	504.886086	239.778456	124.472859	229.47145	165.869142	158.350786	550.729905	155.802114	85.528463	361.216678	232.56672	164.336153	98.33189	140.533023	137.246571	130.283527	67.661783	122.32787	59.894868	1189.430371	1869.102744	3563.419201
T1_1238	553.276867	265.036068	118.960287	214.012175	121.451938	160.751458	545.112821	199.493899	85.221814	359.397673	234.89405	158.760353	86.066798	132.42943	128.59029	117.988186	87.670298	114.942097	60.831514	1242.539015	1827.620194	3623.436076
T1_1255	503.0009	247.083671	117.141408	188.795488	164.27908	151.611135	588.211725	164.76133	78.821347	366.09746	230.03727	188.673626	94.84845	139.44287	154.147419	124.90488	82.029995	165.446203	71.430706	1200.249875	1953.235108	3656.485883
T1_1306	595.467198	247.679705	110.124867	165.077543	117.992489	134.501661	430.493196	185.484338	63.732936	279.97791	219.340607	124.507917	74.007809	126.322861	106.957463	108.587396	76.16516	100.616896	49.067428	1147.712742	1454.93295	3198.112891
T1_1316	441.42306	219.603819	101.260288	163.560215	105.548906	124.054701	408.469066	173.469931	66.346697	261.832364	201.275768	117.896399	67.38013	114.65802	99.345403	97.781095	75.511272	93.088022	53.975743	1050.940324	1388.56861	2880.931994
T1_1319	657.785209	252.072534	167.220102	173.623738	123.268286	134.533329	485.079502	150.346124	77.131059	320.580219	269.948707	152.012766	114.407024	153.731163	131.168396	136.828099	72.634812	135.816431	60.13627	1317.188566	1670.08171	3645.055485
T1_1331	539.330347	251.531818	147.225146	236.251439	170.347858	151.937241	612.006395	168.004576	62.123639	383.678981	256.757912	165.647252	99.165024	154.257005	134.757287	135.751596	91.731147	126.776184	55.12488	1304.424223	1928.303298	3772.057867
T1_1333	487.10176	198.712039	119.747205	155.510943	112.768536	116.422404	435.719396	168.120744	53.587742	285.021131	219.034143	132.660905	83.293487	132.667789	114.438234	120.724415	72.313374	106.883696	49.320114	1114.613197	1449.564565	3051.279522
T1_1343	510.7352	190.576631	119.606291	174.642556	124.398211	132.084441	519.267074	138.772131	64.288605	312.495158	207.894776	162.713866	87.051397	126.109128	129.565343	108.543031	98.626137	138.979265	81.743316	1077.179521	1715.779623	3303.694344
T1_1350	462.181826	247.643138	103.140651	244.841152	125.555209	172.900494	607.628501	198.239755	90.699591	384.753696	208.972389	161.601863	79.476617	132.478861	134.842645	115.827515	103.869598	132.90069	73.079523	1189.648524	2003.248155	3655.078505
T1_1361	519.729289	221.454136	123.117524	213.361344	142.171254	158.300366	566.444682	175.165261	81.072321	349.417412	212.856614	144.601112	70.109377	122.5701	117.790052	104.060919	89.438999	106.268937	55.891804	1118.77293	1793.148031	3431.65025
T1_1393	570.978873	221.560548	127.393187	150.699932	115.533735	121.94323	455.032458	152.307265	69.065452	291.444378	222.833448	146.897333	91.46766	133.9991	121.635287	116.508303	76.510735	132.144295	55.125818	1142.580245	1543.988183	3257.5473
T1_1428	703.499837	347.01814	251.813814	300.48318	165.602334	206.25576	739.91727	326.558098	109.89718	455.704882	375.751524	167.629875	123.781379	187.010031	136.977411	151.522441	130.493998	122.693747	87.929763	1893.949425	2327.489068	4924.93833
T1_1430	679.411977	252.900022	130.027724	198.689282	152.194797	152.290492	536.18967	186.523251	80.863196	345.006547	242.12038	160.925171	99.015456	138.107021	134.415165	127.583416	65.04884	122.598545	56.633387	1241.326108	1787.611456	3708.349541
T1_1460	645.105923	280.630183	156.840374	187.725658	210.121567	137.974367	592.238031	180.06849	78.791501	368.821259	270.437858	193.80779	115.452275	143.592756	161.409494	134.900385	74.806587	167.491867	68.422363	1356.728909	1956.682329	3958.517162
T1_1470	511.716392	197.03348	107.164422	149.072874	147.207472	137.088577	439.389684	147.57188	73.524593	288.719676	197.359601	134.545471	77.297158	137.057248	116.373464	120.725304	62.211888	113.745078	53.551376	1046.420981	1506.010794	3064.148167
T1_1482	646.568943	288.413018	151.729211	183.845806	170.09703	143.116953	513.716083	208.20267	62.686574	326.103425	257.385129	156.802636	99.361754	161.736955	134.897454	149.996784	61.490283	123.467756	64.007651	1378.315805	1708.644337	3733.529084
T1_1498	483.731115	214.443634	136.944464	192.654813	157.116496	145.097437	517.41414	160.814449	65.173771	319.216068	222.723891	145.813602	89.870798	119.412094	124.578896	106.450581	49.191399	111.15568	60.81213	1099.85131	1681.916538	3265.498963
T1_1513	509.714238	250.122237	102.541836	185.765397	132.290763	140.89254	521.902541	211.101461	77.6679	328.37095	220.81599	145.497595	68.324741	131.823579	119.638628	114.242825	93.416276	112.393594	58.623448	1192.388946	1690.752593	3392.855776
T1_1519	631.001315	249.470212	123.219232	201.602227	137.589426	150.579044	597.652775	188.97796	75.642651	375.939657	232.466186	186.821226	80.438478	148.787662	154.089409	126.172136	120.561751	155.468789	81.679141	1270.093616	1979.47492	3880.569851
T1_1551	665.854112	257.80184	111.787723	187.823154	140.932244	146.871573	542.200479	201.127822	77.148566	341.390968	237.947299	151.530941	80.423508	142.678525	124.10245	122.410764	108.2152	113.094234	64.607513	1262.392681	1748.769877	3677.01667
T1_1565	614.599381	252.589983	122.399357	184.269777	178.758972	135.501992	565.252854	185.558874	56.993197	342.218067	225.507564	168.8065	77.717094	134.315602	136.084869	111.809583	117.489962	129.962857	73.449471	1227.388018	1792.539585	3634.526984
T1_1619	641.707896	275.925713	140.22295	227.879622	179.936659	153.618038	571.760297	183.053533	76.039998	372.938074	251.085071	169.979079	97.980033	143.086201	146.061854	131.839092	55.644553	133.817956	61.628077	1278.837147	1913.722995	3834.268038
T1_1632	463.689729	242.866997	135.045747	165.994153	107.582959	150.398289	531.53751	161.184557	102.74182	318.991719	212.214256	144.07489	75.281883	125.684204	118.228854	110.753205	76.386104	104.998006	54.765642	1139.416955	1691.730883	3294.837567
T1_1716	603.840835	275.599201	148.867349	195.892265	196.882642	154.113115	560.229843	192.338352	71.814352	355.697687	259.621712	167.339796	100.880396	161.344111	144.211591	145.148761	89.957749	137.695638	62.878318	1373.757632	1849.872606	3827.471073
T1_1718	520.723035	231.762523	107.945737	172.168996	148.033789	130.905568	446.801717	190.998119	62.177277	281.3202	203.425782	121.67036	70.164267	121.215753	106.969808	110.780389	69.312807	101.033372	52.490279	1105.605378	1475.537578	3101.865991
T1_1749	535.737711	222.278279	119.458397	206.256027	151.796495	161.776894	486.896014	178.053083	68.717881	328.464179	214.558902	137.612271	78.803467	131.71151	116.126097	114.884185	74.957007	104.907602	46.864394	1134.704829	1657.62136	3328.0639
T1_1750	638.3594	260.585664	147.280306	184.943429	138.441603	136.495058	472.662732	173.878122	68.123609	306.179881	256.393972	138.508984	94.6557	142.002116	115.636472	126.392608	76.505849	108.588775	53.146921	1277.694337	1584.285861	3500.339599
T1_1766	529.510467	220.599386	140.856304	192.975217	153.268579	132.339249	522.097651	151.938773	60.469928	328.210438	229.290984	157.400923	91.646853	139.191813	132.812644	121.858646	78.306629	125.866306	61.779858	1173.689387	1713.952213	3417.152067
T1_1775	652.883517	255.223249	148.031564	222.563236	158.373446	168.336134	617.798895	217.920337	75.070088	396.445793	261.699881	184.797977	99.247894	159.366118	152.854258	141.718012	95.345172	157.47674	83.29806	1378.552226	2058.641181	4090.076924
T1_1800	590.559318	245.466237	111.907971	183.197591	143.699802	152.212354	508.355591	198.609702	75.939071	329.101423	223.675458	150.029627	82.771437	135.270599	122.840126	119.327754	93.159348	113.986553	69.698205	1210.188507	1705.360541	3506.108366
T1_1803	695.591786	259.452943	129.958609	219.266401	152.61107	175.987865	597.785885	220.124579	86.36938	387.514084	266.719394	180.715949	98.222592	162.907213	150.153497	145.907437	112.362983	145.110137	73.460037	1395.65575	2016.363235	4107.610771
T1_1860	522.673473	249.991619	122.059281	147.523478	110.062365	107.63215	463.345687	101.221907	56.309518	289.043424	211.25009	148.206768	97.769999	144.66855	125.080354	134.105205	96.229015	126.042731	60.730809	1157.295666	1523.914919	3203.884057
T1_1887	527.308514	212.287001	117.488497	207.3469	139.76005	165.632282	551.559903	187.652887	87.583667	352.401065	212.093117	149.380704	68.12753	135.256545	122.339502	113.316576	103.0505	111.583932	64.747324	1149.272653	1812.575279	3489.156445
T1_1888	671.169919	283.27442	151.505244	197.3331	165.84678	166.756818	559.29944	192.192827	90.30588	360.130415	272.820515	164.989137	107.816456	168.737632	140.588147	147.940841	96.901748	131.411501	68.56	1421.189683	1879.374438	3971.734041
T1_1904	540.998545	261.698396	115.843314	212.748824	138.467438	172.834446	535.154783	200.935791	99.768515	352.347452	230.494025	157.48187	70.602754	144.000667	132.201922	122.320369	99.959323	122.31284	64.593274	1245.854639	1849.443926	3636.29711
T1_1909	597.838008	218.643194	114.935656	170.573608	119.702711	118.412477	471.482976	156.678971	53.264759	297.552488	225.142408	140.610994	82.497098	138.855994	113.307968	121.106137	91.542831	107.088162	52.288112	1149.402288	1524.581545	3271.821841
T1_1936	480.535224	227.988821	96.879975	148.401347	111.664349	130.633153	407.772617	197.477782	62.445354	274.378815	210.628523	130.332342	74.816889	130.011012	110.023077	111.93678	81.213252	106.970873	56.712091	1130.953034	1427.669669	3039.157928
T1_1954	634.749874	271.095331	124.87043	183.971788	142.636136	153.910134	526.002686	193.359605	85.809732	343.628221	251.268065	170.062988	98.230419	151.137618	140.954724	135.876876	88.714907	136.887344	64.930114	1314.553252	1806.157732	3755.460858
T1_1957	581.449642	222.193866	143.815442	181.388051	166.978892	141.776417	550.242524	159.79454	61.816874	344.098824	238.868068	166.453413	99.887013	143.453565	135.678024	131.29662	62.195579	129.473221	64.668739	1201.504693	1775.596087	3558.550422
T1_1959	535.748914	210.99148	103.255999	135.1626	120.712122	113.630407	434.517879	145.144708	67.122284	264.882526	194.891913	124.327671	75.585071	122.491934	102.884228	109.851292	72.200116	97.137285	53.880815	1034.412514	1393.545694	2963.707123
T1_1990	642.173592	274.27673	126.389398	220.839679	160.450802	160.053633	597.886945	208.924698	67.443878	383.546908	249.599745	184.202043	96.599042	148.883994	149.961893	126.810992	97.260043	149.345949	69.089112	1328.74464	1982.370037	3953.288269
T1_2010	469.774979	230.696705	131.315356	233.710783	164.713449	153.861157	695.41248	158.236948	56.51885	417.583182	230.48135	191.899321	88.732124	136.867789	151.670883	119.494342	129.191823	146.354525	86.200197	1225.016436	2133.211378	3828.002794
T1_2019	533.532241	263.114211	122.819102	210.235864	147.583589	154.25483	569.749095	192.831211	79.988676	360.562107	231.71354	167.941851	80.298361	130.221579	141.528679	113.419269	107.410403	136.841634	72.261153	1241.827676	1893.363887	3668.723804
T1_2025	521.750182	213.85792	110.078197	169.921902	132.57628	127.224449	432.111508	169.436063	63.505704	283.303172	206.134665	128.845605	70.24983	118.026915	109.396291	103.293074	74.483305	93.211989	55.287055	1065.559969	1462.807676	3050.117827
T1_2027	476.700309	214.756847	115.516395	208.002943	136.883964	139.086909	536.81096	160.401351	57.161417	327.950527	195.85971	140.474535	72.282516	102.331174	118.7931	94.107053	61.905115	100.253711	58.857962	1017.160162	1687.392065	3181.252536
T1_2028	433.290908	259.201213	88.973596	161.086733	112.67358	117.984142	466.386287	191.624631	59.606174	298.325117	203.163342	148.8772	70.868872	135.461264	122.865851	119.435144	123.181223	115.646438	58.360968	1191.909285	1549.138911	3174.339103
T1_2032	559.373008	285.113215	139.029195	197.043056	174.94931	147.448797	556.565454	156.202592	73.795248	355.408038	253.347758	169.779973	94.875188	130.460764	141.731819	115.750711	91.871007	142.019824	65.669946	1266.650429	1849.462155	3675.485592
T1_2037	487.976141	193.457035	91.444573	170.250317	129.161804	119.345977	408.289577	168.553167	58.350001	258.188682	176.838036	106.803919	62.133212	116.523457	91.928877	104.07556	63.698374	82.991817	42.861679	976.723415	1339.010846	2803.710402
T1_2064	683.728398	265.462349	141.825353	197.732692	130.758393	153.500087	577.132117	202.331055	83.839878	359.282607	260.833709	164.952284	98.73714	149.149254	133.508373	130.821259	94.179586	124.549636	79.008692	1343.339705	1873.506366	3900.574469
T1_2070	679.265193	253.449044	139.015515	177.292056	144.664946	149.643086	527.060868	203.13028	79.848592	331.475486	252.728125	156.337425	100.575132	144.387544	133.447214	128.408569	77.729512	136.221029	66.97268	1299.423722	1758.298437	3736.987351
T1_2099	687.382062	285.453155	152.576771	208.695763	167.077749	170.769536	585.121998	204.159003	111.089418	386.61169	275.739821	190.405967	122.674354	165.910052	163.902237	149.717854	82.260453	158.95108	71.769849	1438.491463	2047.317539	4173.191063
T1_2105	663.527126	274.209303	149.193532	231.448158	154.047581	153.276571	665.17193	195.671066	62.206382	412.746472	255.908324	191.747614	97.638032	152.909871	157.979692	132.741109	72.718657	152.93439	57.633542	1330.989895	2085.144752	4079.661772
T1_2108	475.209543	210.319281	106.392818	171.018181	126.161526	123.053177	434.074488	147.493801	60.521862	285.380468	204.393498	128.180252	78.976437	120.630513	104.843576	104.740559	73.817776	97.388903	55.7432	1046.764683	1460.204108	2982.178333
T1_2113	463.139624	227.345576	103.445527	174.804167	103.565575	134.076067	447.105395	154.904355	66.935576	287.139852	200.300475	130.34717	69.969724	119.586517	109.910279	105.433538	82.185916	102.987212	61.321599	1063.171628	1514.627318	3040.938569
T1_2124	677.957706	290.278024	130.530102	201.847885	155.386508	146.744883	533.044395	172.727509	80.970653	348.268446	259.473509	156.271764	104.356586	151.472153	133.936647	137.41128	71.983035	123.683509	54.871538	1318.232199	1779.639719	3775.829624
T1_2142	652.784426	323.414671	206.949771	225.520243	162.514573	176.125124	585.640278	188.723613	85.857707	377.78469	326.812342	166.321795	142.077649	168.559035	138.134678	148.403402	87.064239	143.412317	73.888034	1592.004722	1972.684867	4217.474015
T1_2155	616.799086	239.950557	128.12282	197.094128	119.571634	138.121956	497.702029	157.771686	64.893055	319.834035	223.35036	136.96608	81.450298	132.208018	112.35692	117.867363	79.926472	102.975487	59.265306	1160.647575	1629.208995	3406.655656
T1_2164	607.953822	243.875562	129.337	223.256007	124.661637	174.5851	498.778748	210.337468	79.651371	341.438443	237.523105	147.383533	77.098212	136.711254	122.787538	120.547559	88.121834	113.104398	57.610952	1243.551994	1758.59609	3610.101906
T1_2167	561.458596	283.563917	100.781496	253.154474	123.47387	183.903858	613.053414	217.42243	95.876013	381.837395	223.838412	156.160081	69.249833	129.784015	123.60036	110.793158	109.127365	99.847739	65.552019	1244.560627	1972.985352	3779.004574
T1_2169	599.568859	237.51619	116.640662	208.679962	135.755093	143.228977	572.691271	183.881822	61.471396	367.08563	228.928886	181.800956	85.925084	141.413144	144.74724	121.830365	98.337469	142.685557	75.412788	1214.473621	1897.803777	3711.846257
T1_2196	501.086262	250.291614	105.215674	186.902786	142.585299	159.310963	491.50712	189.383797	93.750219	329.842993	211.543495	168.23425	65.799947	130.458386	141.620082	110.144589	101.511572	137.70435	63.615815	1164.349074	1772.488577	3437.923913
T1_2199	564.576105	201.874599	130.758634	151.523122	154.280714	117.231538	427.754472	142.508389	61.204204	279.324763	212.019315	138.074839	88.113486	119.737618	116.263793	112.357267	50.727369	113.166755	44.312822	1058.096677	1448.856307	3071.529088
T1_2228	572.15426	224.723731	119.843811	180.008118	130.090928	136.796172	468.836962	149.606954	71.510564	306.258769	223.404273	149.312135	95.962451	125.322762	123.227965	116.944575	74.389927	125.34847	64.720059	1130.198484	1626.019213	3328.371957
T1_2236	443.363408	253.72888	83.35352	168.302457	141.202592	126.69935	527.914988	180.893305	83.309053	320.738186	201.095065	140.73286	73.000507	140.885038	115.579154	130.036852	56.882215	109.130404	71.668447	1119.875382	1664.074898	3227.313688
T1_2267	596.973079	207.08669	135.001518	170.463315	133.926328	129.245172	429.254065	141.36692	79.362974	284.294334	224.781966	127.835602	90.574664	139.795253	109.15419	118.528059	81.250931	96.525572	51.537083	1138.386001	1477.672305	3213.031386
T1_2288	656.940415	254.483822	151.076411	228.413512	135.432426	158.103604	575.671395	169.780462	86.329095	365.555531	256.348705	158.252055	95.580989	149.266018	128.685753	128.800072	94.365971	108.709363	59.388466	1299.70245	1869.108773	3825.751638
T1_2326	574.471825	237.620725	100.064048	141.095061	117.168432	105.755802	431.910194	193.674787	65.66223	273.307145	218.30359	128.432173	77.597967	136.572031	106.063385	123.248188	83.527678	98.314676	52.455392	1170.609014	1402.996059	3148.076897
T1_2333	492.502996	251.566022	139.017082	232.33224	123.132413	153.576734	583.552196	142.908743	76.266196	369.339547	232.080057	159.953627	86.255183	133.828533	131.749015	118.021369	111.493617	118.862149	70.53468	1215.170605	1896.166383	3603.839985
T1_2377	576.701424	238.885637	110.083514	191.859761	179.120011	143.939089	470.911689	179.670237	70.773391	309.01206	221.354791	137.92083	97.193112	127.621594	119.481493	112.038038	72.135001	116.080492	60.308325	1158.981925	1620.28713	3355.97048
T1_2392	494.754907	216.657795	120.440237	180.108864	140.657566	130.311186	462.596601	168.265987	51.000424	303.428332	217.335086	140.863484	83.667482	133.242147	117.306545	125.414719	63.342449	109.63915	54.02824	1128.365902	1549.282827	3172.403636
T1_2393	598.679034	271.663209	127.515156	259.500838	160.763755	198.24971	589.042242	227.692766	84.432945	397.350271	261.464631	165.221869	91.57397	149.516319	141.942528	131.654732	82.906347	128.40656	68.833309	1343.98713	2032.980272	3975.646437
T1_2405	643.461845	294.350677	122.408109	222.155345	160.700936	158.209282	578.89506	223.365286	79.62369	361.66527	257.959756	161.256138	91.789459	149.009345	129.690344	132.624263	86.978482	117.21888	72.300168	1358.485376	1881.014176	3882.961398
T1_2417	568.852798	243.226001	122.034073	166.99523	141.38978	124.189868	510.189892	164.819195	54.293671	322.435022	227.979052	155.851284	92.665714	129.262087	126.764523	115.36886	88.043996	120.087787	58.941598	1183.398978	1639.748877	3392.000652
T1_2423	587.184829	247.624075	124.276774	181.492791	112.993272	142.720704	540.608625	171.501	64.103712	352.37703	244.715732	185.907666	98.272806	154.539065	153.084091	135.980992	100.393645	152.388503	68.43345	1277.304088	1841.116571	3705.605488
T1_2468	442.023863	251.590238	90.43408	181.061734	121.544622	130.170568	457.839947	208.609646	62.946543	295.289175	212.474775	131.067579	62.444225	116.848867	107.626585	99.077651	81.151592	99.734377	59.793746	1122.631075	1525.530253	3090.185191
T1_2492	489.869012	213.227693	111.509773	165.920164	115.327559	124.931337	464.077183	161.26974	61.247251	301.326929	207.278987	143.672992	81.692111	138.142652	120.191983	121.953697	76.80171	116.071567	56.196623	1111.876363	1553.636028	3155.381403
T1_2512	644.854902	258.710064	150.385505	227.385877	154.278532	149.399981	551.272658	161.402933	76.929847	353.823264	259.883666	150.772352	104.023217	145.737193	128.013996	128.228812	108.910402	115.663984	59.991009	1317.281792	1813.25297	3775.389664
T1_2519	713.054911	274.373661	119.586973	190.641682	193.646661	149.520452	527.692916	199.375357	77.92531	343.51009	236.595783	167.304746	83.275508	143.381947	139.602257	121.683443	82.354233	139.841208	59.122139	1260.626904	1795.160803	3768.842618
T1_2520	513.057872	272.177281	104.42012	165.058751	103.893397	130.342746	511.660673	203.297051	73.905377	312.08494	224.013012	148.494978	68.501071	138.287837	125.795594	120.220764	91.290672	114.477058	49.862806	1222.207808	1631.682922	3366.948603
T1_2527	539.631831	197.511181	141.887726	220.652375	164.600546	164.57213	609.83948	158.566366	98.583251	362.08605	218.094898	147.991076	83.767362	124.023744	120.721523	104.727986	77.3732	114.802866	66.045258	1105.952462	1905.294009	3550.878303
T1_2530	667.712026	222.655154	117.780558	164.553294	139.494436	130.818005	493.199262	185.566342	70.353825	310.002399	217.013315	143.369831	84.024087	136.223768	121.759879	117.666944	88.17226	125.671274	59.244023	1169.102429	1618.971792	3455.786247
T1_2544	606.447744	237.103372	91.833125	162.689385	115.189746	133.525595	433.478296	194.361397	67.907185	287.342044	209.554883	135.790759	66.943364	131.894335	114.019604	113.691668	75.269169	115.340456	57.271733	1120.651312	1507.365058	3234.464113
T1_2590	624.35429	279.023707	121.294002	218.792489	131.834234	167.992728	573.97091	212.297141	93.65496	369.075439	249.453091	172.333206	82.10015	138.130841	140.040497	120.020692	75.36406	133.096049	76.734481	1277.683684	1945.690758	3847.728731
T1_2608	477.022886	192.435526	107.904551	163.162354	138.017	126.687347	460.582481	147.8454	64.898039	289.018067	193.484538	138.33273	74.027617	114.677828	115.360749	102.289294	81.946985	113.818961	55.839282	1014.611739	1527.70001	3019.334635
T1_2645	465.912369	215.710528	110.905312	167.188647	171.012246	138.028224	468.741474	160.538087	77.401304	293.391159	197.775803	132.669025	81.016486	115.229592	115.202927	108.878299	44.862374	111.622454	48.442036	1034.91648	1552.687249	3053.516099
T1_2646	532.709623	241.584276	119.816703	175.887229	154.450935	122.799168	474.420757	165.569555	62.228827	300.076545	222.747516	141.924055	83.38561	124.394126	125.63396	109.653728	87.779133	127.831066	47.907655	1154.930648	1578.709261	3266.349532
T1_2680	624.885172	269.572524	150.512813	224.837569	152.614611	159.069344	549.953792	188.437882	85.332977	356.298673	242.149684	160.697693	82.610421	135.287043	136.799837	116.452956	90.705453	131.587835	64.199199	1275.728777	1868.776918	3769.390867
T1_2692	423.382455	236.264842	102.715861	223.959186	127.175269	158.188998	572.499665	197.357062	67.664828	365.851143	200.667643	166.331195	69.726823	124.389207	136.604095	105.470428	104.935118	133.576093	66.910366	1141.526984	1891.585567	3456.495007
T1_2701	522.978211	223.868612	125.820554	180.284662	132.786525	127.848337	457.391672	157.310432	61.422207	297.352139	222.407408	134.224174	86.390457	126.974606	111.620812	115.36009	73.510076	102.094322	55.659936	1131.642235	1527.898259	3182.518706
T1_2714	711.339974	273.553738	108.121837	199.455126	124.21557	155.671877	575.799161	233.958653	81.392151	359.507098	243.982296	164.583328	79.722296	137.814824	130.179778	117.087922	84.534606	123.3364	74.219827	1278.776173	1864.144746	3854.260893
T1_2759	665.900578	342.129857	172.067902	271.501029	187.260449	167.23637	712.348603	192.425804	68.998803	441.3529	309.692915	211.325149	121.074184	168.797334	173.652108	152.558725	89.416242	174.178002	73.571189	1548.162964	2294.164154	4508.227696
T1_2772	571.376943	239.515727	120.702034	153.081857	131.638327	123.022608	453.570431	163.186582	66.603728	289.305841	229.36867	137.491381	84.138838	126.58364	114.482034	110.818904	71.973395	110.176258	53.088146	1146.28779	1500.822284	3218.487017
T1_2795	556.375619	254.80674	96.491415	168.693019	110.265055	133.840126	471.000088	196.586608	65.517552	303.82342	213.136937	143.726829	74.35574	126.427613	119.610248	114.516899	95.421412	113.154972	51.217616	1171.743363	1570.58387	3298.702853
T1_2823	486.260796	193.083265	113.976337	141.102909	136.459702	110.249962	406.199377	107.843398	59.077595	260.982541	192.243707	127.815999	85.488064	109.932672	106.753472	100.214466	63.171604	103.390509	51.984166	965.953513	1367.55653	2819.770838
T1_2828	502.209816	301.384921	175.363758	235.542909	138.130254	175.509244	636.213773	196.390364	87.439968	388.623971	257.640355	181.784044	104.632484	151.633767	146.2658	135.23167	116.431256	143.468693	69.44193	1438.708575	2064.290332	4005.208723
T1_2845	522.678577	247.775151	125.770149	188.47434	155.300724	131.932468	532.693087	159.195063	64.26931	336.609429	228.371453	165.377042	90.347064	140.034257	137.704905	127.298257	99.170252	125.959869	62.966536	1217.961646	1745.986986	3486.627209
T1_2846	558.960835	241.455346	114.299662	172.403398	131.253582	138.786843	464.088913	178.918124	58.923779	295.007834	224.11983	135.023928	80.654458	139.675198	111.037937	125.892696	64.702529	105.725616	53.204864	1169.717843	1534.203111	3262.881789
T1_2896	592.006001	240.495801	135.709245	195.412004	155.079952	150.871047	552.894454	183.632837	71.224883	353.69564	235.561431	171.461057	83.040026	128.690861	139.132084	116.781541	83.048968	133.725699	70.317041	1206.960709	1838.733909	3637.700619
T1_2920	539.883108	275.137983	90.919631	163.969629	110.938796	113.345448	434.168091	185.024675	62.94894	280.135604	207.931842	127.589226	61.694656	134.321637	105.395089	116.104644	97.605824	97.420395	52.983218	1168.740893	1437.95564	3146.579641
T1_2942	617.509207	245.001713	127.0946	165.12415	139.697829	136.207932	442.007455	190.192151	75.478755	288.503141	230.016939	130.909097	84.637662	149.083752	114.910757	133.923166	77.753051	104.498256	54.81175	1237.703033	1512.451294	3367.663535
T1_2958	646.614226	223.435481	143.869208	164.231059	101.751282	126.447367	480.331319	157.080844	62.163885	308.24625	245.283283	145.390764	101.088592	140.105778	121.278984	124.945628	90.332244	114.814476	62.336243	1226.141057	1585.240348	3457.995631
T1_3025	744.461073	243.642229	178.000684	224.170417	148.274696	157.350157	641.084281	168.211927	79.823591	410.243223	278.537914	191.00837	115.259503	154.769042	157.085668	135.101448	88.063948	150.711073	76.083443	1361.586696	2087.560224	4193.607993
T1_3029	685.009075	289.593791	140.417378	235.99258	189.505344	172.328166	616.933334	184.987516	83.803508	390.396629	257.88125	179.29728	95.359028	140.06674	147.017729	126.925004	85.264625	149.001585	61.061042	1320.495332	2035.831854	4041.336261
T1_3056	511.365629	192.462384	115.74342	154.883159	157.339301	112.052523	436.589029	154.015205	60.156898	282.687538	197.71808	134.108517	81.601169	109.66841	115.894966	100.610258	57.451201	116.582787	55.291646	1009.270126	1468.247063	2988.882818
T1_3121	587.539878	240.245053	154.549367	181.131357	132.466677	125.437606	545.002396	149.729981	64.500331	339.222085	261.88433	169.641273	120.101649	149.990317	140.281312	132.4561	88.898416	145.560823	66.702204	1297.855211	1777.479387	3662.874475
T1_3128	615.983134	235.480026	151.892264	240.315516	170.890691	169.314898	702.805509	181.202233	84.103088	420.20408	251.195896	188.865749	112.391387	153.185448	153.844674	134.577418	82.560399	153.67431	81.641089	1302.485071	2194.768913	4113.237119
T1_3135	545.047796	238.938272	121.875908	201.855755	142.857212	145.58268	516.589417	192.281912	80.454682	336.734461	230.03513	147.165666	78.89047	133.271032	123.04456	117.760576	81.82666	109.532669	56.931699	1194.879961	1717.891589	3457.819345
T1_3143	721.532009	235.066653	145.06435	170.138149	154.52316	139.994147	488.103748	199.086394	73.947004	309.72192	252.054144	140.363606	92.494181	153.269913	119.042993	136.120351	74.472984	118.864246	64.594807	1287.62897	1624.770621	3633.931599
T1_3146	586.19381	205.925998	146.158809	211.503348	123.628896	144.823958	566.015365	151.027721	61.304303	355.019227	233.405168	164.615209	96.058782	137.61966	134.998824	118.956433	82.294459	123.800799	55.946194	1171.447028	1818.027228	3575.668067
T1_3148	552.219628	255.061757	116.584506	180.932801	121.295324	142.599828	499.415278	196.265865	72.46241	319.426747	233.503301	152.708314	79.297662	137.497128	126.194397	117.195613	83.283002	120.1762	59.272256	1218.688835	1673.188232	3444.096694
T1_3191	589.864517	281.967392	143.33208	193.412911	146.186741	157.108015	614.855066	174.341688	86.892552	385.527453	249.786686	192.460173	106.810964	138.067009	153.348319	119.137158	72.583918	149.969317	65.442295	1286.026895	1999.016101	3874.907513
T1_3256	546.660513	266.543501	109.022744	173.59229	143.722106	137.30022	472.996557	203.198712	74.720295	300.879272	229.943891	137.290371	78.066909	130.016305	117.173246	113.852467	79.119708	106.707452	51.230682	1209.764237	1571.890386	3328.315137
T1_3259	536.292146	259.670037	86.896928	155.644871	103.981468	126.344776	489.986623	194.821257	75.260674	305.536236	199.224089	142.49024	59.210692	121.205231	117.480094	104.332769	76.227834	112.127038	56.049525	1101.588838	1580.920078	3218.801062
T1_3299	473.230337	211.070775	129.282475	165.167299	115.958867	131.882696	409.152989	149.970053	63.784675	284.118418	223.012112	136.64195	93.753472	124.50626	119.34297	111.241967	51.080498	110.802436	47.715658	1093.917613	1468.609093	3035.757042
T1_3315	572.321255	234.022923	132.870334	184.014889	107.941579	140.936911	541.124771	158.639707	60.134721	335.874639	235.053863	160.69021	95.57119	132.257515	133.895638	115.965632	82.978224	132.516184	66.598033	1187.359387	1755.785997	3515.466639
T1_3319	557.586554	209.807146	117.457026	225.328303	135.767997	160.058029	558.854867	177.152986	72.714607	346.507195	213.932577	142.904025	73.569568	122.320252	116.346988	103.867203	115.716338	104.246043	57.206069	1133.823097	1784.166124	3475.575775
T1_3354	652.259642	262.520707	161.144688	194.231783	164.053515	143.021025	533.530682	174.282879	75.666329	337.246621	260.973329	151.539502	99.398488	137.075005	126.082103	126.63294	81.397955	115.793773	65.795771	1303.425992	1742.907588	3698.593223
T1_3408	578.247094	226.825692	130.880615	199.162576	180.916348	168.982697	551.353986	212.903907	81.262272	351.189139	235.559309	155.373746	81.746804	145.188082	134.050888	128.355572	92.88118	125.988426	61.37137	1254.341162	1828.735099	3661.323354
T1_3447	707.835664	277.837795	161.951427	228.059114	133.451498	160.856686	604.628561	201.270691	66.155721	386.634953	272.483655	175.261825	93.657123	156.982719	147.042043	139.196538	104.290277	138.344767	64.810242	1407.670225	1971.793911	4087.2998
T1_3533	531.478924	205.769443	100.294033	142.907168	109.789484	121.181959	423.285904	163.644345	57.819415	268.043193	191.984263	120.802689	70.628613	119.236559	101.159543	107.149432	58.585556	103.576803	48.518996	1017.292246	1387.29567	2936.06684
T1_3541	677.287152	295.581144	191.23419	232.876935	134.993102	179.104829	614.587668	209.243045	69.408035	390.681021	299.969503	174.726226	106.055999	164.493178	144.716135	141.58411	92.144857	136.902185	69.556554	1500.306027	2012.559588	4190.152767
T1_3586	591.779309	236.996822	141.92876	198.110325	155.414114	144.931117	525.892008	156.02357	60.736233	331.879544	229.746508	147.412242	88.89508	121.443075	122.093399	108.707322	92.577462	123.507397	66.829812	1176.318598	1721.392077	3489.489983
T1_3610	720.278505	286.070783	165.448857	219.595863	165.78069	178.603928	639.054673	195.170083	78.279168	403.285219	284.697795	196.309218	119.722062	159.672093	159.593312	141.223459	70.412902	160.375339	80.542212	1422.418033	2115.638933	4258.335471
T1_3612	639.084678	245.50247	116.474508	197.072526	140.923712	154.915814	520.5845	191.104071	80.77718	342.208661	232.491747	161.05905	84.66536	137.35738	135.294332	118.502847	81.065791	126.277054	55.550174	1207.164174	1773.73929	3619.988142
T1_3625	738.657319	271.31931	199.009027	232.044261	180.273533	165.055068	676.258181	172.225934	72.347724	435.152387	300.200265	217.909522	131.774907	179.0792	184.358799	152.569611	87.353401	195.989182	74.676369	1493.531655	2253.791493	4485.980467
T1_3646	590.555264	254.261407	109.189819	189.972903	153.465785	151.112275	511.962607	191.718221	82.660127	328.736635	211.809525	147.471336	73.366943	128.877689	122.949393	116.298414	72.14112	110.633488	63.447462	1157.66314	1708.946228	3457.164631
T1_3659	469.295904	209.818251	118.190244	194.752197	178.954177	141.503225	550.900127	155.957299	61.869654	345.999522	201.676807	176.640377	81.854018	125.220476	147.376682	113.016021	79.123467	148.481943	71.05223	1084.856584	1838.575958	3392.728445
T1_3671	526.412683	273.164064	108.165362	251.452214	134.973316	172.529677	585.929852	208.552556	92.45792	371.471927	237.821527	166.795796	79.773541	136.26532	131.062917	117.242713	109.250303	121.599476	78.343438	1270.235386	1971.643216	3768.291285
