Measure:volume	Hippocampal_tail	subiculum-body	CA1-body	subiculum-head	hippocampal-fissure	presubiculum-head	CA1-head	presubiculum-body	parasubiculum	molecular_layer_HP-head	molecular_layer_HP-body	GC-ML-DG-head	CA3-body	GC-ML-DG-body	CA4-head	CA4-body	fimbria	CA3-head	HATA	Whole_hippocampal_body	Whole_hippocampal_head	Whole_hippocampus
T1_0005	725.706695	258.572138	122.846193	198.132568	114.539333	125.207926	525.97155	172.100394	67.138595	327.798487	239.265115	153.97963	86.017178	138.509605	125.958292	118.436068	94.710236	119.339731	66.895055	1230.456927	1710.421834	3666.585456
T1_0034	558.021437	252.198779	107.307988	195.098357	116.170154	138.932927	527.351729	156.593418	70.117407	328.022584	220.647025	144.289592	88.933962	137.510228	115.205872	122.466293	67.876861	107.202917	60.016113	1153.534553	1686.237499	3397.79349
T1_0081	590.72073	250.22574	127.136264	180.66665	101.606652	129.307829	500.813729	174.842891	59.855081	308.288844	223.784449	135.973114	76.25379	126.179518	111.066681	110.84423	87.96145	102.953475	53.465687	1177.228333	1582.391088	3350.340151
T1_0193	609.489054	222.646267	135.697965	183.076424	160.927729	132.813662	524.043644	171.682905	61.172325	322.519028	232.321282	145.841297	89.20593	132.576837	119.62777	116.594789	60.961805	115.538526	67.359857	1161.687779	1671.992533	3443.169366
T1_0216	481.921178	249.806621	146.501625	210.486256	154.392522	144.718316	558.353476	144.332761	65.188301	358.23917	229.937034	166.643136	94.15904	131.077682	137.787448	113.868875	71.380147	135.693333	61.623538	1181.063784	1838.732976	3501.717938
T1_0365	588.589144	221.322781	115.004631	154.993534	118.42035	110.558588	428.903859	139.186895	46.569248	277.409708	207.771102	140.136894	83.26796	116.138085	117.971773	103.194925	69.138486	119.891954	49.821373	1055.024866	1446.256931	3089.870941
T1_0366	686.520521	294.781815	140.834057	189.537554	181.063316	154.24836	592.051338	182.141317	72.541617	370.907483	256.835563	184.023541	106.127204	146.861997	152.068376	133.571504	63.416153	147.408244	66.22238	1324.56961	1929.008893	3940.099024
T1_0435	536.086142	281.159798	123.146352	205.552611	159.126228	164.613613	496.218115	178.639624	83.124193	337.354069	236.017694	150.713399	78.42277	138.241632	127.773679	119.058233	74.82396	114.586019	48.494705	1229.510063	1728.430403	3494.026608
T1_0454	725.955975	319.947802	162.638327	269.696858	145.796398	180.412625	702.716938	201.40416	102.227626	438.572635	293.05409	192.143591	111.888212	172.181004	156.775426	157.160509	98.29632	138.675047	56.814073	1516.570425	2238.034818	4480.561219
T1_0497	581.028471	232.3112	127.445588	172.210155	122.845149	123.419324	520.892987	159.78428	63.434068	319.773781	242.188913	153.39582	103.371723	140.654197	123.165039	126.237869	68.200193	126.758815	69.27141	1200.193963	1672.3214	3453.543834
T1_0643	628.992036	288.80743	174.077287	207.124904	151.260535	147.269566	594.478332	153.80372	71.616927	375.512099	284.430952	178.758312	128.773243	158.057461	148.887694	143.658227	67.599634	153.438066	65.55707	1399.207954	1942.642969	3970.842959
T1_0678	671.514588	250.403801	165.100326	212.012294	155.489174	160.06698	627.13159	185.669644	82.249128	388.519333	272.67979	185.187473	118.62464	157.108402	154.132422	139.030252	105.029971	156.521456	79.476538	1393.646828	2045.297214	4110.458629
T1_0682	548.096897	263.459165	100.526163	165.76771	131.452861	143.541187	525.401717	214.623189	82.23651	325.155042	214.761203	147.50801	61.210841	122.293777	121.838013	106.778744	73.752421	126.272643	60.547703	1157.405502	1698.268534	3403.770933
T1_0687	675.861997	300.411291	146.05113	247.488448	138.026095	168.191146	684.359674	200.625184	76.149313	418.069269	273.158625	184.844971	102.488677	158.814325	150.449792	140.418583	114.039502	141.962659	81.239519	1436.007316	2152.75479	4264.624102
T1_0695	608.680455	244.930037	143.044205	179.077106	159.114813	139.673772	553.818312	143.045357	63.119706	346.4434	253.861235	175.232953	115.392376	144.711961	144.556788	130.318361	63.653416	138.661804	59.696646	1238.956949	1800.280486	3647.91789
T1_0708	664.121317	266.937724	157.764792	220.004213	159.106136	148.453051	580.730558	182.309567	73.791627	360.420103	264.988247	153.170008	102.770335	138.269292	127.766243	119.795916	69.60306	108.857287	58.894623	1302.438933	1832.087715	3798.647964
T1_0727	525.581414	203.884007	109.726479	172.842954	149.825602	128.881006	524.185512	142.774831	58.499037	328.144407	205.342662	153.955015	91.660874	133.259107	131.470352	113.9981	53.01946	121.902316	50.125386	1053.665519	1670.005985	3249.252919
T1_0758	485.706453	244.054171	123.173001	153.098486	140.757723	131.528517	489.515116	139.564693	72.400013	318.982809	224.332286	164.659341	106.750817	127.300134	137.120954	116.48672	62.275581	147.214688	57.17822	1143.937402	1671.698144	3301.341999
T1_0789	577.625756	248.762494	134.488732	210.828413	171.993709	158.796363	657.340251	142.783712	68.459427	392.932939	244.502928	191.090004	116.146568	147.7031	156.590177	136.858821	90.816039	153.186501	65.689776	1262.062395	2054.913852	3894.602003
T1_0790	518.874418	201.265616	125.916413	178.897139	122.742395	120.613241	478.471451	135.030625	49.702658	306.661384	216.756426	139.104032	88.4256	125.950932	116.391175	111.440868	63.186748	109.466103	48.192395	1067.973228	1547.499579	3134.347224
T1_0839	482.503586	203.215288	108.519645	157.96877	130.746975	122.715383	467.316821	135.509086	60.357433	296.008519	194.091474	147.049439	77.945065	115.969871	122.232407	104.394724	78.364239	119.361057	66.131064	1018.009393	1559.140893	3059.653872
T1_0862	703.447239	316.986894	153.203294	209.185222	152.607979	131.440093	571.858283	193.990213	60.773009	360.233878	282.496929	166.528353	106.648085	166.325767	140.861942	148.046095	66.403234	127.04801	60.066786	1434.100511	1827.995577	3965.543326
T1_0875	615.902714	237.879148	147.946064	176.921587	117.572959	126.172977	518.074822	170.878252	68.026023	326.927044	248.454612	151.304397	95.931753	145.347203	125.799607	129.237655	69.853216	116.832388	49.73064	1245.527903	1659.789485	3521.220102
T1_0892	700.180631	226.652957	150.586659	143.79013	143.169032	116.543035	468.254719	134.13075	49.772897	295.84619	253.940269	152.620651	126.562828	155.854295	127.462966	142.268057	76.208422	133.065343	60.29536	1266.204237	1547.651291	3514.036159
T1_0939	551.417927	238.996434	136.442535	177.258928	150.77855	146.814483	551.248219	188.63131	59.177422	345.763021	247.815557	155.473136	98.570977	137.641146	132.095684	120.442487	91.608914	129.03157	67.392175	1260.14936	1764.254637	3575.821925
T1_1010	605.63511	241.553934	122.560171	236.705006	223.335847	156.553478	716.460996	182.816323	71.760356	425.917027	231.541958	190.434143	93.482679	133.510792	150.564279	120.365511	90.814673	137.709123	71.862351	1216.64604	2157.96676	3980.247911
T1_1016	545.832436	227.726334	118.480287	221.48747	151.914489	163.683949	607.998827	172.339938	78.361122	378.065267	213.70951	174.512933	76.351103	128.962854	144.129989	109.573033	85.234394	133.055264	64.328013	1132.377454	1965.622835	3643.832724
T1_1038	715.918063	288.596485	135.783972	205.389552	134.341169	152.862374	591.318878	182.695128	76.786768	364.053083	269.964042	178.333357	118.128361	161.087756	141.463316	140.512647	89.710819	144.515758	78.649035	1386.479208	1933.37212	4035.769391
T1_1060	463.653531	236.626694	109.371374	197.705356	131.644101	142.216363	523.325138	159.873386	71.429491	334.494912	217.646238	145.027842	96.617251	134.290691	123.101585	119.091146	68.076942	114.815122	54.911205	1141.593722	1707.027014	3312.274268
T1_1062	561.14695	216.999599	128.985939	189.658212	134.669247	145.22725	537.715419	155.90397	71.356075	332.831474	218.471182	149.291846	81.619153	124.267125	124.59419	108.379327	75.311012	113.340004	57.421272	1109.937307	1721.435743	3392.52
T1_1127	546.468633	271.717576	95.681732	176.586607	127.850466	153.061254	563.196661	202.757611	69.894809	348.508988	231.348804	180.376466	84.490651	159.556451	150.885456	141.94458	96.742005	144.414201	66.566599	1284.239411	1853.491039	3684.199083
T1_1148	435.185423	190.646334	120.536565	134.600057	154.05738	106.24111	426.667691	105.255742	75.436498	266.846359	187.897217	135.52032	82.486601	106.764991	117.457517	98.320241	19.841255	114.126119	47.737371	911.748947	1424.633043	2771.567412
T1_1159	674.98662	291.237612	170.844911	215.067585	187.42874	159.831591	626.416479	155.834333	79.63992	390.533319	276.4885	181.573496	122.046104	166.101985	155.565104	145.814131	77.440358	154.69392	61.062839	1405.807934	2024.384252	4105.178806
T1_1163	648.927816	258.168137	156.865278	191.275185	116.545951	146.518446	541.965388	217.137719	77.009938	344.735532	276.868872	152.393521	104.655637	157.505093	126.387613	140.546766	79.449506	115.794242	52.265061	1391.197009	1748.344927	3788.469752
T1_1216	507.704817	233.494103	121.91837	206.041158	128.700604	148.939808	587.735761	137.345247	84.357836	372.396879	227.077496	175.472513	104.85159	140.822192	146.505556	127.888707	63.262168	128.919322	65.827912	1156.659874	1916.196746	3580.561436
T1_1238	589.349443	245.464401	118.836897	187.261192	119.668728	157.576868	575.994012	187.104197	78.598554	352.851791	230.912521	162.270837	84.41317	131.113102	130.405919	115.95399	91.268643	122.239263	70.342667	1205.06692	1837.541104	3631.957467
T1_1255	519.370303	228.952203	117.318908	189.282382	124.839811	145.507532	598.407348	159.366233	73.406962	378.282688	215.278113	195.3678	80.731464	133.555069	162.45722	114.811551	85.205402	171.226812	69.615813	1135.218943	1983.554556	3638.143801
T1_1306	627.717648	230.953442	115.700863	147.86518	110.414583	121.362185	448.82348	158.136298	60.813128	289.118822	232.653379	143.082161	99.62533	135.49992	119.025981	123.918449	59.981004	117.582902	53.895967	1156.468685	1501.569807	3285.75614
T1_1316	512.098638	209.698133	104.310571	167.185455	125.398559	134.446094	414.285416	156.466409	76.005255	269.742915	204.141356	120.842014	79.003815	113.112762	102.229451	99.675923	67.090385	96.721286	54.160352	1033.499353	1435.618237	2981.216229
T1_1319	666.552252	231.142964	155.710083	180.069149	120.709268	128.701404	542.420575	138.771663	51.407457	340.433254	250.756743	162.302806	112.719231	150.14154	135.742439	132.496973	82.584649	135.311185	71.396405	1254.323846	1747.784674	3668.660772
T1_1331	603.500223	256.253538	146.522364	221.96497	136.19765	153.108723	573.791383	163.910289	65.685822	359.229168	242.670376	148.310748	93.960382	140.749436	123.251963	122.333303	88.75417	118.884528	58.180221	1255.153857	1822.407527	3681.061607
T1_1333	525.276123	204.213789	120.682038	133.998552	108.906335	103.988785	417.887241	135.958241	49.520485	272.114863	219.95858	134.421413	92.727027	141.663344	112.412605	125.591619	67.132301	108.193019	45.285423	1107.926939	1377.822386	3011.025448
T1_1343	543.147727	203.282143	124.598378	179.199954	165.757204	157.267278	586.828938	152.435773	86.172191	369.03138	226.14933	186.621494	104.68916	146.329534	148.67806	129.505423	61.862022	162.322239	73.778535	1148.851764	1949.900069	3641.89956
T1_1350	499.10897	241.559789	120.84827	173.301463	144.95321	139.563125	570.822059	174.981545	85.546465	343.269791	226.435437	171.130358	108.982227	145.776774	141.260429	129.469523	73.285883	149.388242	79.854369	1221.339448	1854.136303	3574.584721
T1_1361	539.454034	224.577248	137.200694	224.333388	142.038492	172.624418	562.0943	173.05213	90.90085	358.917791	231.586531	146.845294	89.744551	143.077138	123.602809	122.57866	85.872132	113.659016	58.785723	1207.689084	1851.763587	3598.906706
T1_1393	604.300987	237.378168	161.845258	167.979461	130.078471	131.038518	440.970725	135.351003	58.6929	298.009713	252.244204	143.117833	115.033491	157.704471	124.475885	144.037198	50.002792	129.439702	44.786891	1253.596584	1538.511628	3396.409199
T1_1428	542.640249	270.406453	99.889573	244.251552	193.100793	215.274039	724.801606	304.795756	129.171044	447.091172	285.296963	179.966109	88.18389	170.514394	150.761408	139.446914	107.303396	146.788026	93.364049	1465.837338	2331.469004	4339.946591
T1_1430	706.152674	272.946193	140.262448	171.375113	151.579411	144.014072	505.687767	168.079893	84.00516	324.10658	258.735804	151.731614	114.595898	145.847535	126.151083	132.929545	53.004548	121.730458	48.209488	1286.401864	1677.011333	3669.565871
T1_1460	681.031396	299.694885	177.028444	192.125991	203.458465	144.091348	626.324015	169.625025	81.146798	379.215987	282.588703	197.049714	124.767329	155.858225	166.039127	145.786649	66.027181	174.866948	72.895419	1421.376442	2033.755347	4136.163186
T1_1470	512.022885	204.04239	95.913738	153.820369	150.466179	124.088636	449.93072	164.49581	71.814546	284.144947	197.239677	136.725973	77.955326	125.983158	114.139939	112.255134	56.548423	106.484169	67.192097	1034.433656	1508.341396	3054.797936
T1_1482	618.963376	278.731854	152.991555	201.193343	156.974892	148.845587	522.900638	184.308086	52.058939	344.001107	245.126293	160.141556	97.353782	146.513536	136.518562	136.732825	47.523306	128.358568	49.304755	1289.281236	1743.323054	3651.567666
T1_1498	473.730653	221.021597	130.733729	191.152844	162.904487	139.626532	550.492054	145.51901	61.31656	341.157744	205.054921	174.173163	90.881948	117.195476	143.669698	103.269074	38.685578	137.158911	66.248836	1052.361331	1804.996341	3331.088325
T1_1513	540.694117	237.493561	94.420385	209.511996	107.801636	163.086737	556.205096	191.584855	83.169266	349.794771	209.455105	148.59913	73.695671	125.856426	122.551333	107.084997	89.705096	113.883617	61.366855	1129.296095	1808.1688	3478.159011
T1_1519	695.081815	258.72183	146.487367	196.653619	140.739939	163.279132	618.001352	190.995462	76.212908	392.936892	271.253933	194.365843	115.942596	165.17363	162.736948	144.913275	84.654446	164.737233	77.908617	1378.142539	2046.832543	4120.056898
T1_1551	687.302066	239.986105	133.321141	196.475951	130.817506	144.79985	568.93301	160.452559	67.540112	353.774704	243.615696	160.097581	100.759222	143.823465	130.127939	120.596668	89.933357	118.905715	52.377285	1232.488212	1793.032147	3712.822425
T1_1565	618.646129	241.382213	138.258598	174.614126	132.677385	131.429062	593.422263	169.462886	53.387607	353.540298	239.58744	173.884849	92.481061	138.934027	144.139127	123.578783	86.924004	143.280361	75.334849	1230.609012	1843.032542	3692.287683
T1_1619	607.866028	281.567084	151.060827	228.452982	207.6287	139.730527	630.308015	160.769237	52.828826	391.269134	256.004024	190.132185	115.652917	156.845691	158.216402	140.371203	51.047507	157.19239	66.498776	1313.318489	2014.629236	3935.813753
T1_1632	460.494536	226.792966	121.123344	159.790405	128.699081	124.439881	449.825656	128.450895	54.546684	291.821365	211.014382	133.067872	88.12365	121.205823	111.864353	109.152641	70.101214	107.272448	44.350707	1075.964914	1476.979371	3013.438822
T1_1716	607.064018	276.790114	157.906697	186.751156	175.128502	130.028181	602.072235	162.373216	49.691918	380.237889	267.443372	197.274193	114.705721	162.419779	166.063827	145.087706	72.177723	168.032679	62.463344	1358.904328	1942.615422	3908.583768
T1_1718	520.093894	226.493561	119.164417	221.496651	172.434256	135.397364	541.762016	140.114015	57.391294	330.664616	198.01039	142.962942	93.011691	115.866174	120.348015	106.498555	68.377987	109.323851	55.454648	1067.536789	1714.801398	3302.432081
T1_1749	556.074046	221.726517	142.237139	226.21727	147.051206	168.186251	550.615737	152.424188	74.624468	358.230633	228.459054	155.495367	89.32715	130.011791	129.452112	110.374396	76.112185	120.315433	53.657186	1150.67242	1836.794456	3543.540922
T1_1750	665.367746	280.375393	152.817139	178.28296	155.904711	136.111507	494.613336	169.395941	72.652684	310.254761	268.414638	136.238239	108.356636	141.78232	114.460238	125.966048	72.378822	112.756463	56.378149	1319.486937	1611.748335	3596.603018
T1_1766	589.000241	249.44059	162.136248	183.550055	141.279018	124.533552	504.553801	126.878797	63.174878	319.634966	246.76634	153.110752	106.593004	147.158458	129.068862	126.847428	72.78911	118.474404	63.18896	1238.609975	1659.29023	3486.900446
T1_1775	643.302954	281.718138	169.810808	239.594263	157.338637	169.469045	613.91041	195.383539	65.231625	397.350787	277.032819	182.32408	114.335111	153.975865	150.620206	135.951822	94.375014	146.690059	66.683609	1422.583116	2031.874083	4097.760152
T1_1800	556.950673	248.685357	109.981802	187.03337	126.211917	150.594147	523.740121	208.797646	73.875385	338.942697	228.962737	153.331453	78.412364	135.887958	126.533341	119.610769	101.684606	118.788481	63.70507	1232.023239	1736.544065	3525.517977
T1_1803	661.979542	263.707724	143.39658	212.341725	170.234284	183.682964	595.364194	212.095709	87.87641	366.929979	262.968888	154.984853	96.575338	149.402722	127.881296	132.561897	108.026533	123.650333	79.508472	1368.735391	1932.220226	3962.935158
T1_1860	552.696412	231.086479	144.236637	158.947815	133.530799	113.183593	510.25084	100.570331	67.768208	314.501397	221.176203	159.869517	105.798207	139.166096	133.935128	129.415631	94.256983	132.639424	57.478321	1165.706567	1648.574241	3366.97722
T1_1887	548.431004	202.077668	144.848429	213.200335	147.888965	166.597489	581.189306	176.062273	83.524869	357.812207	226.554855	140.28483	94.386069	135.558266	119.238916	118.674504	70.296076	111.511236	63.815355	1168.458139	1837.174541	3554.063684
T1_1888	653.000866	259.758164	158.183068	188.785994	139.000871	141.016862	573.306871	163.656315	82.422108	360.042243	268.259462	175.642161	115.618072	147.938325	146.016801	133.174823	74.304008	150.871463	64.555628	1320.892236	1882.66013	3856.553232
T1_1904	533.878183	220.561107	130.259586	191.751811	129.652535	137.24588	565.108689	137.841511	64.198735	352.984734	220.45	171.979786	89.715519	128.689126	139.636007	114.77645	81.605992	142.44515	59.22914	1123.899292	1824.579933	3482.357408
T1_1909	544.119887	201.44779	134.447389	181.97977	125.522643	133.604633	486.051579	127.599849	67.889828	309.686984	223.622145	145.829587	95.419783	130.663453	119.27914	110.697607	68.292752	114.255063	48.862634	1092.190768	1607.439217	3243.749871
T1_1936	532.187805	237.686846	105.275201	147.203967	116.972063	120.666723	413.515194	184.774099	60.882589	273.236595	224.798891	125.599658	81.890289	126.224371	107.110845	109.243512	54.218654	107.158364	50.569952	1124.111865	1405.943887	3062.243557
T1_1954	659.897064	295.449626	158.16407	184.768934	125.627469	148.274193	590.022052	169.496308	82.182309	371.207904	284.14435	184.703838	120.647317	155.998116	152.499114	137.646735	71.505347	150.97249	63.476453	1393.051869	1928.107285	3981.056218
T1_1957	590.275701	255.299883	133.431707	181.986099	159.403567	140.378109	544.820146	187.058975	62.974837	348.452853	252.211722	176.078903	99.022895	148.55811	146.320814	133.924581	53.3933	144.036288	60.545429	1262.901174	1805.593477	3658.770352
T1_1959	578.172507	213.470366	105.418123	139.73979	125.028442	114.813295	418.703504	148.813128	63.360126	263.897463	200.657962	125.576359	86.355499	120.774751	104.751964	109.53381	65.567556	103.263442	51.327422	1050.591196	1385.433367	3014.19707
T1_1990	621.272164	252.190471	149.217476	200.66502	185.567074	157.373933	609.400467	190.048219	67.422317	386.7924	260.300859	185.935099	104.280234	152.07101	156.238486	129.779177	88.551059	155.619111	69.760401	1326.438504	1989.207234	3936.917902
T1_2010	490.313593	215.651092	161.078913	226.979126	148.455745	162.198049	697.124059	157.630339	67.8607	420.632835	252.098368	202.160541	104.479871	137.136849	162.284522	120.474057	111.945213	153.706726	76.80471	1260.494703	2169.751269	3920.559564
T1_2019	576.020165	248.428341	121.982662	205.306653	127.685182	164.978642	569.270496	185.149868	84.260661	350.728872	229.87022	154.700568	81.229568	136.07736	127.785258	118.849365	99.679874	117.323354	66.044018	1221.267258	1840.398522	3637.685944
T1_2025	593.569126	220.132338	109.162145	159.923796	127.692966	119.102551	444.695703	166.357188	66.081229	275.174573	200.932591	117.083569	70.99741	108.629292	97.099339	93.936322	80.996024	91.793185	51.182408	1051.143309	1422.136353	3066.848788
T1_2027	449.270483	201.509536	117.778943	189.198391	107.530132	128.834497	488.439881	144.909971	47.228897	308.399986	188.940859	139.727264	68.240304	103.471793	116.043203	89.560739	67.942368	103.40728	52.097483	982.354512	1573.376882	3005.001877
T1_2028	563.242764	246.049771	108.174954	204.248747	152.248438	136.980194	549.917975	150.41228	67.095962	344.469011	224.761469	150.984724	104.915904	160.741509	121.772887	140.814391	106.622247	122.047297	56.401639	1242.492524	1753.918437	3559.653724
T1_2032	610.237123	231.327153	133.074552	177.322899	128.181299	148.162598	558.310518	157.738369	83.139046	342.718229	243.061706	168.161076	100.653658	140.889395	139.791152	123.037117	96.012455	135.90226	74.967589	1225.794405	1828.475367	3664.506895
T1_2037	520.319402	199.929925	111.624266	151.87117	140.252511	106.143867	422.428879	146.767089	59.296766	266.627248	201.503638	120.818179	84.605393	114.304714	102.580593	101.455495	65.784181	100.027049	50.191952	1025.9747	1379.985702	2926.279805
T1_2064	750.779235	272.344411	167.982794	200.564355	142.831009	150.276501	605.996038	193.180792	86.653858	367.961592	280.315852	163.915338	107.76867	159.706039	133.074331	139.011393	94.09025	134.457573	76.813528	1414.400202	1919.713115	4084.892552
T1_2070	531.755844	242.070099	100.346	117.6063	132.668978	113.70661	421.621096	221.162534	58.079133	264.753425	205.896882	140.754838	60.497814	118.608365	114.854358	95.575902	81.856849	121.241353	57.243533	1126.014446	1409.860647	3067.630937
T1_2099	692.084104	290.885198	155.219609	190.670862	169.883865	151.524797	580.202215	191.899929	86.121971	367.323749	291.126627	182.499595	126.727442	168.028529	148.929788	151.821032	56.730499	155.914492	69.855118	1432.438864	1933.042586	4057.565555
T1_2105	599.169507	268.213148	124.490246	212.839391	146.872443	152.929889	658.005967	199.962292	69.76887	399.410352	240.972728	187.982019	95.510069	150.390812	157.73911	129.335561	73.452576	153.983626	59.8431	1282.327431	2052.502325	3933.999263
T1_2108	516.201082	227.53534	125.076067	158.976393	135.913842	122.556224	439.125976	136.567286	55.615721	279.603672	222.161378	133.634714	99.13388	126.219957	110.272306	113.743473	67.916963	111.889307	61.215024	1118.354344	1472.889335	3107.444761
T1_2113	483.594781	226.160465	100.24766	148.554699	98.243904	125.380296	461.485345	156.701639	66.478026	293.365545	200.618271	141.951156	80.978034	118.613497	116.31119	106.426933	80.453819	123.481014	67.243811	1070.200318	1544.25108	3098.046179
T1_2124	715.497229	288.404141	154.459376	192.063344	158.408008	146.855567	539.026485	170.845553	81.868948	335.867466	277.159085	150.803227	119.853163	161.351753	128.189216	144.658957	50.172529	120.552359	51.286021	1366.904558	1746.512632	3828.914419
T1_2142	687.681078	288.069152	189.169477	210.118253	180.57324	155.522255	593.160759	166.929084	78.619183	374.531061	301.162932	170.51052	140.905997	177.76807	139.033695	148.305514	59.383717	145.691998	63.869108	1471.693943	1931.056833	4090.431854
T1_2155	606.480934	260.776196	127.807479	219.649525	126.975927	137.707169	521.92234	177.17148	53.57587	339.205764	240.761592	149.326657	87.625425	138.48654	124.454822	123.394677	87.516404	110.929968	53.829119	1243.539792	1710.601234	3560.621961
T1_2164	604.839439	234.713658	118.421657	216.15319	107.524856	164.20958	492.970501	190.935506	76.299913	326.945922	218.347225	132.983295	76.24161	128.252973	112.484187	112.278705	82.980783	103.458146	55.16726	1162.172117	1680.671994	3447.683551
T1_2167	535.266309	220.779882	140.737648	299.376944	124.431533	181.845255	658.515065	147.219056	81.941618	412.97144	231.279618	165.286643	91.994771	131.026898	130.282641	115.049606	98.473897	112.256805	67.552388	1176.561377	2110.028801	3821.856487
T1_2169	609.066999	232.182048	133.660642	182.990052	145.694388	136.329603	536.931992	168.349953	65.753251	341.728485	249.624565	167.59793	114.480227	153.248791	138.519023	136.584532	84.87249	140.998927	71.807821	1273.00325	1782.657084	3664.727333
T1_2196	551.625683	229.598998	145.955265	167.419286	127.081657	134.470141	523.92817	140.295203	65.844759	323.496811	231.572367	165.13723	108.543973	130.142797	137.606499	119.286514	66.917617	137.303703	69.603855	1172.312733	1724.810454	3448.748869
T1_2199	571.42192	222.697029	139.051632	167.96546	136.195933	120.136662	464.095119	133.165533	56.538532	296.01584	220.158268	140.754085	88.99954	116.320627	121.62299	104.337522	73.644212	114.227902	45.66165	1098.374363	1527.018238	3196.814522
T1_2228	626.42148	221.848879	127.403712	149.432753	138.74029	117.992127	463.202869	138.779543	67.02885	299.452988	227.43189	152.912201	96.528445	130.871129	127.441813	113.096531	73.45502	125.965468	60.898103	1129.415148	1564.327172	3320.163799
T1_2236	469.488801	275.734695	94.75566	153.38053	136.43664	124.736203	453.75988	194.427157	75.745995	287.632828	199.721503	133.630592	71.205972	129.077771	112.591976	109.427703	85.543735	125.965868	66.957118	1159.894196	1534.400989	3163.783986
T1_2267	597.940638	207.864684	126.897707	164.789292	127.652824	128.199699	466.293695	144.417492	85.690673	294.595243	221.236729	133.353258	92.687049	135.676681	110.841753	116.392498	78.722021	101.213647	54.110861	1123.894861	1539.088121	3260.92362
T1_2288	667.025231	234.381713	150.170596	202.403044	128.312087	153.781638	598.591807	168.916195	86.224332	369.770054	255.367839	174.800365	96.704081	141.174248	143.506722	122.270444	89.149076	131.125748	62.431496	1258.134191	1922.635207	3847.794629
T1_2326	582.369215	220.557835	125.775056	164.759491	122.042246	126.861638	487.129664	178.125605	61.653748	299.063654	226.082747	129.978779	82.656943	132.780277	107.536963	116.333631	87.109195	101.483964	57.850926	1169.42129	1536.318827	3288.109332
T1_2333	543.103944	234.103159	136.36275	240.66953	134.570759	169.39917	579.427843	136.280123	91.498781	365.332615	222.847307	159.179755	83.831949	130.040293	129.543771	111.290926	132.620171	113.03813	70.579218	1187.376679	1918.668812	3649.149435
T1_2377	607.246068	236.491778	116.995718	183.550265	156.357723	122.923735	515.34362	154.657763	65.693582	315.985254	224.290004	148.90749	108.061206	134.293364	126.855976	119.411404	77.033951	119.933094	54.866972	1171.235187	1654.059987	3432.541242
T1_2392	506.487412	228.140032	145.813386	188.861921	125.718759	136.957257	509.69816	162.285269	67.890767	325.347645	229.260187	151.754015	90.361556	135.759375	129.354388	124.507097	68.762316	126.91397	53.867337	1184.889218	1690.64546	3382.022091
T1_2393	612.40169	270.868872	142.480668	235.272199	148.135554	178.262398	630.145176	205.977328	96.366285	388.532889	258.242653	167.376484	86.718489	147.399573	144.498429	128.261161	85.510385	139.13348	69.959807	1325.459129	2049.547145	3987.407964
T1_2405	653.421984	295.214246	134.954775	196.036101	171.851537	150.719583	600.522139	181.274449	66.029487	371.107418	260.914596	176.990413	107.804518	149.204366	146.482994	134.667343	69.955463	150.737565	69.49824	1333.989757	1928.123939	3915.53568
T1_2417	425.765935	186.958023	87.988584	110.424447	125.854949	95.109619	318.049831	107.289533	49.827335	207.513835	168.041693	105.036789	75.743713	119.118903	88.421055	109.234091	38.630248	99.189892	44.599144	893.00479	1118.171948	2436.942672
T1_2423	654.017422	241.855777	126.074179	177.706435	133.903948	119.020915	559.191565	159.010832	64.928102	346.634098	232.730219	184.102703	89.556038	133.044126	152.322013	116.481082	84.851557	157.653868	80.651073	1183.60381	1842.210772	3679.832004
T1_2468	548.706875	240.727151	126.100444	167.656855	108.473981	126.388871	514.823392	190.550875	60.081979	316.496257	229.279975	147.413668	78.363942	129.064492	122.469848	112.44548	85.223657	114.046003	63.751335	1191.756016	1633.128207	3373.591098
T1_2492	510.437302	210.418936	134.18848	155.306787	111.486725	123.375315	444.01413	144.495563	59.148673	280.460786	207.47777	134.151425	82.884664	122.76511	112.005581	109.201971	71.320494	113.543118	60.841295	1082.752989	1482.847111	3076.037401
T1_2512	657.170749	247.748898	170.983068	223.929967	147.688003	146.464586	625.654412	156.768456	64.928865	379.877694	278.556806	168.137385	115.845093	152.477033	145.24569	134.319192	106.397361	133.303174	66.381625	1363.095906	1953.923397	3974.190052
T1_2519	671.067332	250.664429	142.699077	206.754503	147.15628	150.198059	573.40891	190.503247	63.274028	366.434137	257.16091	175.087032	102.456847	167.044191	144.194819	147.520107	107.011735	136.407896	63.386319	1365.060543	1879.145702	3915.273577
T1_2520	570.382358	269.124339	107.702025	186.459108	107.269484	145.260675	441.77597	200.667081	76.711111	298.832609	227.052858	132.363897	76.483263	139.907824	109.528301	123.325696	81.219337	113.522304	55.24956	1225.482424	1559.703535	3355.568317
T1_2527	531.89642	213.937756	135.507695	185.03699	147.804991	128.09398	517.529762	127.527714	64.248458	318.376706	212.45886	147.480593	84.385767	115.371936	125.195725	99.092922	64.17353	122.684074	52.06635	1052.45618	1660.712636	3245.065237
T1_2530	759.565783	230.72824	152.274448	161.995715	147.479921	131.999738	452.48646	163.921543	82.654979	288.350461	250.605545	128.801236	115.440033	145.110655	110.49971	124.119359	67.687318	118.306354	54.236216	1249.887141	1529.330869	3538.783794
T1_2544	586.775406	232.956426	105.838324	169.560394	115.678075	130.471527	458.400419	177.925741	59.886389	292.000231	219.697718	135.704493	85.414661	133.414637	111.713884	113.3413	90.603382	107.971002	62.529848	1159.192189	1528.238187	3274.205782
T1_2590	613.569876	265.512392	126.059414	206.334734	124.989355	147.210729	588.521513	191.143644	73.553048	363.27798	249.232986	164.629892	94.119578	153.208327	135.767475	131.693415	78.909157	126.898455	76.670736	1289.878914	1882.864561	3786.313351
T1_2608	500.545048	186.181435	121.066567	156.750708	117.642777	115.188608	490.292911	121.084468	57.279013	303.041151	196.782779	153.026508	84.478507	113.852008	125.203538	99.885309	67.218137	123.595865	63.535651	990.54921	1587.913956	3079.008213
T1_2645	451.681112	223.881506	117.240282	183.079919	178.231344	131.826519	491.739072	139.318737	77.101889	315.241631	200.687036	149.212735	93.733982	121.47204	127.255775	110.217606	46.124401	127.142	62.186044	1052.675589	1664.785585	3169.142286
T1_2646	526.122542	243.875094	136.977469	182.48713	183.904222	117.765961	509.062075	141.206076	52.51057	317.04	226.088771	155.632941	97.577062	121.797479	131.856638	109.151003	63.207965	129.258557	54.850392	1139.880919	1650.464264	3316.467725
T1_2680	650.181906	290.122922	169.372027	200.169221	151.243349	158.634143	562.657982	183.167609	67.311218	354.88237	263.328641	171.940835	103.417735	138.25941	142.04969	121.675646	84.485724	139.657958	73.373345	1353.829714	1870.676762	3874.688383
T1_2692	556.123407	234.033052	116.77641	212.037273	135.634344	148.851052	585.349377	171.91107	71.159939	368.568458	220.416597	177.970364	93.566003	132.257363	146.713492	114.91715	89.945935	147.298339	73.585716	1173.82358	1931.53401	3661.480997
T1_2701	534.487116	228.736392	134.440417	188.753126	137.821547	136.80781	523.657185	144.458062	67.899149	329.885887	244.666143	146.790877	108.263387	143.957731	123.418902	130.738715	50.95054	115.392683	52.371991	1186.211388	1684.977609	3405.676113
T1_2714	664.689737	272.920702	134.342392	193.889453	153.240682	163.513931	559.177258	218.034064	103.401892	344.451015	257.716227	147.421484	97.119257	146.693371	124.022377	129.715594	89.289917	116.890533	65.340656	1345.831523	1818.108599	3828.62986
T1_2759	670.514601	342.237293	165.500022	262.488354	162.474019	176.004851	780.971635	203.109023	77.168815	491.954125	299.997938	241.751786	112.934865	170.539406	199.919348	146.449278	100.82144	198.616625	76.262974	1541.589264	2505.138513	4717.242378
T1_2772	608.011348	238.936288	121.015341	131.638805	116.557919	108.137325	408.32187	156.266672	57.292982	252.884896	216.047635	117.718639	79.748527	120.241262	95.668892	107.351729	69.291704	96.771194	48.801314	1108.899159	1317.235917	3034.146424
T1_2795	528.92457	273.041901	136.069093	170.215611	118.512742	132.411525	461.095347	160.292359	57.789865	310.353914	250.377729	158.785611	111.384428	147.578937	133.128969	132.838636	80.43219	133.975365	51.337057	1292.015275	1609.093263	3430.033108
T1_2823	506.619324	213.698608	117.540193	130.856186	137.462297	100.027935	411.085716	109.048434	53.606611	257.10161	215.47033	128.799522	102.735519	142.467081	104.397285	127.018192	55.950276	105.577709	45.619101	1083.928634	1337.071675	2927.619633
T1_2828	526.765562	213.646032	102.783293	194.944988	130.73913	139.01367	531.457081	184.059322	69.438654	335.946938	203.734058	158.031319	70.015232	126.765699	132.493223	111.915087	81.969336	122.270785	61.002006	1094.888059	1744.598665	3366.252285
T1_2845	555.730783	242.020343	135.813227	176.717919	162.783743	127.569776	569.224223	155.451539	61.252655	337.208686	250.28526	160.909736	114.225264	159.441672	132.411833	145.392586	52.15562	131.739773	68.121664	1254.785511	1765.156265	3575.672559
T1_2846	505.711329	233.925609	131.580631	212.586855	147.199188	153.880373	557.874538	164.663329	74.747803	341.891172	224.917969	143.228129	80.523017	116.262359	114.115802	103.737799	76.370035	107.350098	65.72009	1131.980749	1771.394858	3409.086936
T1_2896	602.406252	246.60891	142.155349	187.173421	138.582834	142.908522	533.012627	154.191329	71.921588	332.255745	237.701085	144.698339	105.883108	142.417142	116.945022	128.259415	75.829421	112.473941	59.473435	1233.045758	1700.86264	3536.31465
T1_2920	563.234643	240.402076	99.31076	178.097283	130.249905	139.998137	473.836242	152.688338	73.874762	303.666022	195.231574	138.33919	66.591996	123.954535	117.673677	107.192605	88.198559	106.438459	51.774147	1073.570444	1583.697919	3220.503006
T1_2942	644.945674	236.111264	146.070234	186.393277	125.007097	131.684623	513.538402	159.111383	64.534364	332.041882	236.720532	152.113603	97.178626	139.293719	128.100328	122.704132	84.830596	123.775998	60.996529	1222.020485	1693.179006	3560.145165
T1_2958	645.703808	217.116807	149.610968	171.524913	94.52455	125.364254	525.439273	127.356037	68.056914	325.202424	238.573917	153.182214	103.39043	132.759973	126.476926	119.575629	98.223984	122.372482	65.328196	1186.607745	1682.947595	3515.259148
T1_3025	765.348363	265.008208	196.77956	213.07548	141.2238	160.484221	662.646834	163.521755	86.416188	408.645708	301.665565	199.79622	134.802246	173.055933	166.383942	151.572689	73.09832	165.971181	73.223415	1459.504275	2136.643188	4361.495827
T1_3029	627.5898	296.681448	167.11944	224.976868	164.599134	155.780001	674.469742	164.770824	70.186202	415.448441	282.918691	211.482019	119.775054	151.896265	171.934116	135.777697	104.644034	173.972186	77.435433	1423.583452	2175.685007	4226.85826
T1_3056	484.581158	197.859291	123.99506	141.357327	124.399587	109.670177	441.337385	126.835327	54.361599	273.820225	204.264186	132.25681	92.642123	123.696426	113.821287	111.550839	64.182594	111.836929	49.484972	1045.025848	1427.94671	2957.553717
T1_3121	623.432733	227.507091	168.64125	176.094313	141.284294	137.685558	544.590082	144.091824	88.452194	337.754104	245.018785	164.458353	112.348114	138.711042	137.92037	122.489542	86.266472	147.892047	69.529273	1245.074119	1804.376294	3672.883147
T1_3128	653.113187	277.61626	173.429515	194.320106	167.294403	156.602069	613.871486	177.56188	68.344108	379.838176	279.87532	183.56613	124.04081	150.981493	149.990691	130.300479	70.611869	155.083784	71.039261	1384.417626	1972.655811	4010.186624
T1_3135	571.687316	256.404937	151.040244	181.441338	153.609032	146.989215	497.603889	164.44753	70.093458	320.093821	248.997712	149.413358	102.310636	131.169045	124.604508	117.591205	57.825906	122.17292	59.160935	1229.787215	1671.573442	3473.047973
T1_3143	715.444322	226.491866	162.106962	188.910539	139.075612	132.427376	547.619072	178.69423	74.468035	340.549624	259.789939	154.433787	110.361978	150.740076	129.492128	132.117263	66.194664	125.277674	56.907541	1286.496977	1750.085775	3752.027075
T1_3146	559.688713	212.439623	150.96872	206.495167	118.108042	146.479918	608.362833	143.058839	62.963709	375.870554	240.600406	177.634083	104.178798	134.793719	144.264897	116.952159	84.366191	140.592223	58.163603	1187.358455	1920.826986	3667.874154
T1_3148	587.902521	286.736571	108.176718	188.017613	137.509412	143.272098	492.704555	209.918208	70.653902	317.616375	231.509957	137.532202	79.264386	129.255018	115.066824	108.208659	65.06276	113.726245	53.19999	1218.132277	1631.789805	3437.824603
T1_3191	601.335061	280.108926	186.123612	199.541666	159.860362	153.997799	638.86533	166.053886	75.630699	388.319423	288.22656	198.920481	127.683624	162.377003	158.088312	143.512863	70.039833	154.213541	62.946947	1424.126307	2030.524199	4055.985567
T1_3256	568.703851	235.772937	125.6981	176.919006	146.384922	130.413265	501.35553	166.423136	73.295435	309.854636	227.878676	139.237378	88.475519	126.329645	113.332952	114.842325	59.664587	109.889886	59.057129	1145.084923	1613.355215	3327.143989
T1_3259	588.455677	237.771424	128.419476	179.453248	102.394924	140.325738	527.378503	157.690316	74.329372	324.76041	228.064909	145.900542	88.194722	129.644602	123.068066	113.65396	75.541988	117.22815	59.390698	1158.981398	1691.834727	3439.271802
T1_3299	508.899086	217.276426	115.562572	157.453752	112.526687	122.389863	415.344778	156.972411	66.118318	270.540827	206.480682	120.565569	79.783346	117.852623	103.167104	104.598527	78.03334	101.885908	49.539054	1076.559926	1407.005172	2992.464185
T1_3315	551.931395	253.871068	131.39786	169.455114	141.809931	119.932281	545.738394	150.807558	48.360003	330.753974	245.139364	170.376686	109.495396	142.576781	140.237037	126.393332	69.648705	140.66633	67.181699	1229.330064	1732.701519	3513.962979
T1_3319	553.141196	198.474242	127.573173	220.701345	110.921656	138.62536	640.965615	166.687429	54.384993	378.619921	221.205835	168.462369	82.97486	118.582002	135.704519	104.441735	93.647908	135.99654	61.712723	1113.587183	1935.173385	3601.901765
T1_3354	644.713142	248.837794	158.461317	186.736112	128.194215	145.382398	572.907596	153.112031	83.101722	352.945622	249.647201	156.031109	103.487012	133.899045	133.245952	117.712709	85.403971	131.484393	66.192036	1250.56108	1828.026941	3723.301162
T1_3408	543.551807	215.303773	125.294692	196.284933	143.763875	160.728122	532.574527	183.981624	75.52075	339.012391	216.634212	153.474232	74.834529	128.807879	130.548513	113.842864	82.349224	131.90668	59.173726	1141.048798	1779.223874	3463.824479
T1_3447	657.45031	288.872754	161.3867	249.954759	143.32007	171.556595	691.61959	182.509556	78.060991	429.791487	281.707058	195.788495	111.060606	155.726042	163.076459	139.96238	101.609558	157.698733	70.332137	1422.834655	2207.879246	4288.164211
T1_3533	458.365279	215.602359	104.823737	148.203076	117.859333	127.511606	444.070828	168.887109	67.580194	289.90619	202.859715	138.214909	76.434548	123.487851	116.056308	109.479319	65.390249	113.549491	55.872292	1066.964887	1500.964895	3026.29506
T1_3541	664.872402	253.499662	161.997101	235.711601	123.414126	161.169208	659.142938	182.52744	70.376005	407.743695	272.825078	189.044172	105.594594	158.639781	152.245268	139.6685	109.038499	151.689521	76.227061	1383.790656	2103.349471	4152.012529
T1_3586	614.826994	220.551186	149.005021	183.96702	153.17256	124.716112	545.65535	144.340653	59.105219	330.72625	231.152183	152.292764	91.708136	124.30043	128.776292	107.976346	94.214902	124.457233	56.038825	1163.248858	1705.735066	3483.810918
T1_3610	698.652353	279.702546	166.904654	245.535685	168.200817	174.522144	683.32807	190.232722	77.307362	418.559048	284.097099	190.522245	122.060993	160.943342	157.416101	140.432636	90.766295	152.812437	76.766156	1435.140286	2176.769248	4310.561887
T1_3612	694.421224	258.42746	149.618363	193.249774	140.638211	146.827983	513.828006	168.142455	75.505601	340.494631	251.967729	172.654823	102.580605	133.952764	148.152881	120.786671	62.728379	152.496879	50.090809	1248.204426	1793.301387	3735.927037
T1_3625	737.839608	287.662044	216.314059	184.485322	171.609254	132.227713	602.018762	190.868411	54.984897	387.479455	327.633361	213.356797	148.208195	182.845876	179.872429	164.246937	70.843958	191.378021	67.528955	1588.622841	2013.33235	4339.794799
T1_3646	548.974049	230.219984	135.995421	231.615637	139.029338	153.675114	565.847739	137.503164	82.986131	363.0187	214.043208	155.637337	92.609446	126.42543	133.228591	110.538966	73.071141	125.774221	58.726118	1120.406759	1870.509586	3539.890394
T1_3659	484.758906	225.057261	130.795675	158.087795	167.797283	126.140484	540.021399	129.687061	66.273694	332.43572	221.044982	187.223145	99.202066	137.545365	149.003328	122.985779	79.738165	154.243921	67.366883	1146.056355	1780.796369	3411.61163
T1_3671	586.102573	275.610126	161.451626	237.42722	122.586626	165.754647	620.741261	179.280636	89.577158	390.319532	271.000017	184.047061	104.167415	157.745768	150.674349	133.540735	97.386739	140.488802	74.658957	1380.183062	2053.688988	4019.974623
